Age,Annual_Income,Total_Spend,Years_as_Customer,Num_of_Purchases,Average_Transaction_Amount,Num_of_Returns,Num_of_Support_Contacts,Satisfaction_Score,Last_Purchase_Days_Ago,Email_Opt_In,Gender_Female,Gender_Male,Gender_Other,Promo_Ignored,Promo_Responded,Promo_Unsubscribed
-0.5595651987210285,-1.7241507972594514,-0.1572653155829264,0.6052308852585992,-0.2692404535465237,1.4233264165802855,-0.5546803213443435,0.04058456933196188,-0.7361982845326257,0.47847426598617493,-1.0528217963833,False,False,True,False,False,True
1.2803069527522402,-1.2503593019797168,-1.3653701192626113,-0.48997364644588876,0.8089137892952487,-1.4738516690885937,-0.5546803213443435,-1.3798753572867035,-0.7361982845326257,1.5928008419649908,0.949828359780586,False,False,True,False,True,False
0.031822278538236444,-0.9460878101677809,-0.9651115307832631,-1.2201100009155474,-0.2692404535465237,1.197886482034026,1.5403352808555146,0.04058456933196188,0.7073277635705619,-0.3764831931699856,-1.0528217963833,True,False,False,False,False,True
0.294661157320132,-1.09850546295313,0.6805690560903689,-1.2201100009155474,1.121926311410602,-0.4215695355815112,-0.5546803213443435,0.7508145326412946,-1.4579613085842196,1.6600446870671608,0.949828359780586,True,False,False,False,False,True
-1.0852429562848196,-0.7891596473123353,0.34615981120138495,-0.12490546921105944,1.4349388335259552,-0.07495563621663749,-1.253018855410963,-0.6696453939773708,-0.7361982845326257,-0.1267203399333544,0.949828359780586,True,False,False,False,False,True
-0.9538235168938718,0.658338209349512,-1.3398794862569439,-0.8550418236807181,-0.060565438802954855,-1.2843584070324847,1.5403352808555146,0.7508145326412946,0.7073277635705619,-0.21317671220757287,0.949828359780586,True,False,False,False,True,False
1.0831777936658185,-0.7303350784814915,0.18352096258030254,-0.48997364644588876,-0.02578626967902671,-1.0512892551890807,1.5403352808555146,0.7508145326412946,-0.01443526048103189,1.563982051206918,0.949828359780586,False,False,True,False,False,True
1.411726392143188,-1.4420559799588242,1.5647471695772082,-1.4026440895329622,1.400159664402027,0.862819506145912,-1.253018855410963,0.7508145326412946,0.7073277635705619,0.9011498637712431,0.949828359780586,False,True,False,False,True,False
0.09753199823371032,1.3644209732392236,-0.4336232575703593,-1.5851781781503766,-0.2692404535465237,0.26856533721696146,0.14365821272227586,-0.6696453939773708,1.429090787622156,-0.13632660351937867,-1.0528217963833,True,False,False,True,False,False
1.4774361118386619,-0.5972750314136406,-1.1976562441609278,0.057628619406355226,-0.02578626967902671,1.1539669338099225,-0.20551105431103384,-0.6696453939773708,-1.4579613085842196,0.01737361385700973,0.949828359780586,False,True,False,False,False,True
1.1488875133612924,1.0180513874397188,-1.3471910244072718,-0.48997364644588876,1.2610429879063145,1.0694269583550753,-0.9038495883776532,0.7508145326412946,1.429090787622156,0.689812064878709,-1.0528217963833,True,False,False,False,False,True
1.2803069527522402,-1.1297031576046317,1.6490066092282352,0.42269679664118454,0.7045762819234642,0.6750445362738448,1.1911660138222049,1.461044495950627,0.7073277635705619,-1.3275032881863889,0.949828359780586,True,False,False,False,False,True
-1.4795012744576628,-0.8068258117535472,0.29004051838072475,-0.6725077350633034,1.6436138482695242,-1.8030764515509663,0.8419967467888952,0.7508145326412946,0.7073277635705619,-0.7991587909550537,-1.0528217963833,False,True,False,False,True,False
-1.4795012744576628,0.020476910270012003,0.8159742626110672,-1.4026440895329622,1.0871471422866739,-0.2509087558624984,1.5403352808555146,-1.3798753572867035,-1.4579613085842196,1.5159507332767967,0.949828359780586,False,False,True,False,False,True
1.6088555512296094,0.289416073199524,-1.5722981989771592,-0.12490546921105944,-0.4083571300422363,-0.33716702350138733,-1.6021881224442727,-1.3798753572867035,-0.7361982845326257,-0.8760088996432479,0.949828359780586,False,True,False,True,False,False
0.820338914883923,-1.6363837888121544,1.5346925127572622,0.6052308852585992,0.18288874506454214,-0.29262889009102866,-1.253018855410963,-1.3798753572867035,-1.4579613085842196,-0.02105144048708737,0.949828359780586,False,True,False,False,False,True
0.8860486345793969,-0.8524947262132755,0.6922136168496515,1.3353672397282579,1.6088346791455959,-1.410068663216969,1.5403352808555146,-1.3798753572867035,-0.01443526048103189,-0.7703400001969808,-1.0528217963833,False,False,True,True,False,False
-1.0195332365893457,-1.1832654646870293,0.25963585973453085,0.6052308852585992,1.365380495278099,0.45572172190277344,-1.6021881224442727,0.7508145326412946,0.7073277635705619,-0.7319149458528837,-1.0528217963833,False,False,True,False,False,True
1.1488875133612924,-0.9178971222296769,-0.8050696957129434,-1.0375759122981327,-1.0343821742729429,0.46177011039060023,1.5403352808555146,-1.3798753572867035,1.429090787622156,-1.125771752879879,-1.0528217963833,False,False,True,False,True,False
-0.8881137971983979,-1.5553825454700023,0.1722509037751058,-0.12490546921105944,-1.103940512520799,1.0877095871932783,0.49282747975558555,0.04058456933196188,1.429090787622156,0.6609932741206361,0.949828359780586,False,True,False,False,False,True
1.5431458315341358,-0.04342198238969052,0.4065281261926998,-1.2201100009155474,-1.5560697111318649,0.9978085401242208,1.1911660138222049,1.461044495950627,0.7073277635705619,1.0452438175616072,0.949828359780586,False,True,False,False,False,True
-0.8881137971983979,1.4824459867400857,1.6817107798728805,1.3353672397282579,-1.3473946963882961,-0.8903883750754241,-0.9038495883776532,-0.6696453939773708,-0.7361982845326257,1.5159507332767967,0.949828359780586,True,False,False,False,False,True
-0.1653068805481852,-0.9220317564605988,-0.4392687870277452,1.5179013283456726,-0.9300446669011584,-0.46981918010939955,0.49282747975558555,1.461044495950627,-1.4579613085842196,-0.9240402175733693,0.949828359780586,False,True,False,True,False,False
-0.29672631993913295,1.5459690035606133,-0.5726474829744655,1.3353672397282579,0.8436929584191768,1.5469059904565583,-0.9038495883776532,1.461044495950627,1.429090787622156,-0.3668769295839613,-1.0528217963833,False,False,True,False,False,True
-0.4281457593300807,-1.3458317651300957,-0.15456680150255162,0.057628619406355226,-1.2430571890165116,-0.10602235890410969,1.5403352808555146,0.7508145326412946,0.7073277635705619,1.1028813990777528,0.949828359780586,False,True,False,True,False,False
0.9517583542748708,-1.1464296324479066,-0.9777535967473533,0.42269679664118454,1.1914846496584584,0.9213101720906883,-1.253018855410963,-0.6696453939773708,0.7073277635705619,0.19989262199147095,0.949828359780586,True,False,False,False,False,True
-0.033887441157237436,-1.1022642213448772,0.7508739229288744,1.700435416963087,-0.582252975661877,-0.9578828920645788,-1.6021881224442727,-0.6696453939773708,-1.4579613085842196,-0.5974272556485439,-1.0528217963833,True,False,False,True,False,False
1.1488875133612924,-1.4533322551340655,1.0960212238471578,0.42269679664118454,-0.8604863286533021,0.19997111323002023,-0.5546803213443435,0.04058456933196188,0.7073277635705619,-0.23238923937962142,-1.0528217963833,True,False,False,False,False,True
0.42608059671107973,-0.3693063349541729,0.2723759262099706,0.42269679664118454,-0.6518113139097332,0.2417599791459121,0.8419967467888952,0.04058456933196188,0.7073277635705619,1.00681876321751,-1.0528217963833,True,False,False,False,False,True
0.09753199823371032,1.2339920570455958,0.7227582762263447,1.3353672397282579,0.00899289944490143,0.8501728756713659,-0.20551105431103384,-0.6696453939773708,1.429090787622156,1.4775256789326996,-1.0528217963833,False,False,True,True,False,False
1.5431458315341358,-1.0596023135985464,1.3751721804080526,1.1528331511108432,-1.069161343396871,-0.7657778258887266,-1.253018855410963,-0.6696453939773708,1.429090787622156,-1.0104965898475877,0.949828359780586,False,False,True,False,True,False
-1.282372115371241,-1.3020422298662409,-0.8833336040803366,0.42269679664118454,0.6350179436756079,0.9218600255895819,0.49282747975558555,-1.3798753572867035,-0.01443526048103189,-0.8183713181271022,-1.0528217963833,True,False,False,False,False,True
0.22895143762465808,0.6889720902422516,-1.1712451063522276,-0.8550418236807181,0.4959012671798954,0.9780825458514231,-0.5546803213443435,1.461044495950627,1.429090787622156,-1.0777404349497577,-1.0528217963833,False,True,False,False,False,True
-0.1653068805481852,-0.9895014695924611,1.5083863754964364,-1.4026440895329622,-0.13012377705081113,1.186614485306713,-0.9038495883776532,0.7508145326412946,-0.01443526048103189,-1.5484473506649472,0.949828359780586,True,False,False,True,False,False
0.6232097557975014,-1.5580136763442254,-0.7466123906929444,0.42269679664118454,-1.5560697111318649,0.7884518204205911,-1.6021881224442727,0.04058456933196188,-1.4579613085842196,0.24792393992159234,0.949828359780586,False,True,False,True,False,False
0.294661157320132,-0.8068258117535472,-1.4647181376432046,1.5179013283456726,0.9480304657909613,-0.06505827323655783,0.8419967467888952,-1.3798753572867035,-0.01443526048103189,-1.4523847148047044,-1.0528217963833,False,True,False,True,False,False
-1.4137915547621889,1.301837646016633,0.004169526755861837,1.3353672397282579,0.2524470833123984,-0.7721011411259998,0.14365821272227586,-1.3798753572867035,0.7073277635705619,1.2950066707982384,-1.0528217963833,True,False,False,False,False,True
0.22895143762465808,-0.20786766202863058,-0.16769186998686464,-0.48997364644588876,1.121926311410602,1.0288752628116933,0.49282747975558555,0.7508145326412946,-1.4579613085842196,0.09422372254520393,-1.0528217963833,True,False,False,True,False,False
-0.1653068805481852,-1.248855798623018,1.6517506235460224,0.42269679664118454,0.18288874506454214,1.101868314789781,-0.20551105431103384,-0.6696453939773708,1.429090787622156,1.1124876626637772,0.949828359780586,False,True,False,True,False,False
0.7546291951884491,-1.3625582399733707,1.4261849465837493,0.6052308852585992,0.35678459068418283,-1.6122772874349858,-1.6021881224442727,-1.3798753572867035,0.7073277635705619,-1.1545905436379518,-1.0528217963833,False,True,False,True,False,False
0.294661157320132,1.4446704649030266,-1.4731286815279527,-1.2201100009155474,1.5740555100216678,1.0824859789537913,1.5403352808555146,1.461044495950627,-0.01443526048103189,1.179731507765947,-1.0528217963833,False,True,False,False,False,True
1.4774361118386619,-0.6931233704031942,0.8862336292121604,-1.5851781781503766,1.7131721865173803,0.5311891146258811,-1.253018855410963,0.04058456933196188,1.429090787622156,-1.087346698535782,0.949828359780586,False,True,False,False,True,False
1.2803069527522402,0.7389635768524893,-1.4440260296754024,-1.2201100009155474,-0.19968211529866742,1.1500492276303078,0.14365821272227586,0.04058456933196188,-1.4579613085842196,0.20949888557749524,0.949828359780586,False,True,False,True,False,False
-1.348081835066715,1.0197428287160053,-0.27348342198869036,-0.6725077350633034,1.2262638187823864,-1.2203004744114134,-1.6021881224442727,-1.3798753572867035,0.7073277635705619,1.5831945783789665,-1.0528217963833,False,True,False,False,True,False
-0.8881137971983979,-0.9817960148893793,0.0826364361824788,0.9702990624934286,0.6697971127995361,-1.540109015705238,0.49282747975558555,0.7508145326412946,-0.01443526048103189,-1.5292348234928985,0.949828359780586,False,False,True,False,True,False
0.820338914883923,-1.1772514512602337,1.4279734559158785,1.5179013283456726,-0.6170321447858051,-1.5025815144057693,1.5403352808555146,0.04058456933196188,-1.4579613085842196,-0.5013646197883012,0.949828359780586,True,False,False,True,False,False
1.5431458315341358,1.2661294412950346,-1.392082258641885,0.6052308852585992,-0.9300446669011584,-1.095277535100546,1.1911660138222049,-0.6696453939773708,-1.4579613085842196,-0.0018389133150388203,-1.0528217963833,False,True,False,False,True,False
-0.6909846381119762,0.10861979455648382,-0.6265407641801861,-1.0375759122981327,1.5392763408977397,0.6309187929876561,-0.5546803213443435,-0.6696453939773708,-1.4579613085842196,-0.7223086822668595,-1.0528217963833,False,False,True,True,False,False
-1.0852429562848196,0.5273454793971221,-1.2796161718135035,-0.48997364644588876,1.365380495278099,-0.7589733888399217,-1.253018855410963,0.7508145326412946,-0.01443526048103189,0.44004921164207783,0.949828359780586,True,False,False,False,False,True
1.2145972330567663,-1.3074924295342745,0.20277456304222422,-1.5851781781503766,-1.4169530346361523,-0.6281082561033128,0.8419967467888952,-1.3798753572867035,-1.4579613085842196,-1.193015597982049,0.949828359780586,False,False,True,False,True,False
1.0831777936658185,-0.3279599926449537,0.13415320498797298,-1.2201100009155474,-1.3473946963882961,0.9148493934786919,-1.6021881224442727,1.461044495950627,-0.01443526048103189,1.6024071055510152,-1.0528217963833,False,True,False,False,True,False
0.36037087701560583,-1.4708104816556902,-0.5842605435693857,0.6052308852585992,-0.19968211529866742,-1.184147606859178,1.1911660138222049,1.461044495950627,-1.4579613085842196,0.7378433828088303,-1.0528217963833,True,False,False,False,True,False
0.7546291951884491,1.3974980470865987,-1.519034921058686,-1.5851781781503766,-0.7909279904054458,1.2805707019301085,0.8419967467888952,1.461044495950627,-0.01443526048103189,0.20949888557749524,0.949828359780586,True,False,False,False,True,False
-1.5452109941531367,0.1441400613584949,-1.5761377190111037,1.5179013283456726,-1.6604072185036494,1.5166640480174256,-0.20551105431103384,-1.3798753572867035,-0.01443526048103189,0.7858747007389517,0.949828359780586,False,False,True,False,False,True
0.9517583542748708,0.16631673586980325,-0.43374225819128376,-0.12490546921105944,1.1914846496584584,0.7453570524448276,-1.253018855410963,0.7508145326412946,1.429090787622156,-0.530183410546374,-1.0528217963833,False,True,False,True,False,False
0.9517583542748708,0.273629287954186,-0.13341619114236383,-0.3074395578284741,0.9828096349148894,-0.6195855268704665,1.1911660138222049,1.461044495950627,0.7073277635705619,-1.7021475680413356,0.949828359780586,False,True,False,True,False,False
0.6889194754929753,0.5091155011971481,-0.24351976564356909,0.9702990624934286,-0.582252975661877,-1.213014915551077,1.5403352808555146,-0.6696453939773708,-0.7361982845326257,-0.8664026360572236,0.949828359780586,False,True,False,False,True,False
0.1632417179291842,-0.07931812503087624,-0.3837654974212822,1.700435416963087,0.11333040681668585,-0.4591657685683417,-1.6021881224442727,-1.3798753572867035,-0.7361982845326257,-0.3188456116538399,-1.0528217963833,False,False,True,True,False,False
-1.2166623956757672,0.5871097378259027,0.43117175477884623,-1.4026440895329622,0.8089137892952487,-0.32039649178514124,-0.20551105431103384,-1.3798753572867035,0.7073277635705619,-0.6838836279227624,0.949828359780586,False,True,False,False,False,True
-0.9538235168938718,-0.754015256349499,-0.760710464254228,1.1528331511108432,-0.19968211529866742,0.7969745496534375,0.14365821272227586,0.7508145326412946,-0.7361982845326257,0.9779999724594373,-1.0528217963833,True,False,False,False,False,True
0.6889194754929753,-0.8008117983267515,-1.1860186834381703,0.24016270802376988,1.4697180026498833,-1.7489846135973364,0.8419967467888952,1.461044495950627,0.7073277635705619,-0.7799462637830051,0.949828359780586,False,False,True,False,False,True
0.6232097557975014,-0.8075775634318965,1.3851402324196054,-0.3074395578284741,0.4263429289320391,-0.17922160594428233,-0.20551105431103384,-0.6696453939773708,-0.7361982845326257,-0.6934898915087866,-1.0528217963833,False,False,True,False,False,True
-0.09959716085271132,-1.529635050486534,-1.6488260982863607,1.5179013283456726,0.9480304657909613,-0.3193655164747162,0.14365821272227586,-1.3798753572867035,-1.4579613085842196,-1.337109551772413,0.949828359780586,False,False,True,True,False,False
-1.4137915547621889,-1.280241431194107,-0.640764838398919,-0.3074395578284741,-0.16490294617473927,0.6160040168301752,0.14365821272227586,-0.6696453939773708,-0.01443526048103189,-1.4139596604606073,0.949828359780586,True,False,False,False,False,True
0.4917903164065536,-0.8932772547637327,-0.7555304372257523,1.700435416963087,-1.2082780198925835,-0.7158786208641583,-0.5546803213443435,-1.3798753572867035,-0.01443526048103189,-1.7021475680413356,0.949828359780586,True,False,False,True,False,False
-1.282372115371241,-0.34186739869441823,-1.0066462475041544,-0.8550418236807181,-1.1387196816447271,0.4319405580756377,0.49282747975558555,0.7508145326412946,-0.7361982845326257,1.1317001898358257,0.949828359780586,False,False,True,True,False,False
-0.6252749184165024,1.0676669982107823,-1.5642936572108597,1.3353672397282579,-1.4865113728840087,0.9539577235874789,-0.9038495883776532,-0.6696453939773708,-1.4579613085842196,0.411230420884005,-1.0528217963833,False,False,True,False,False,True
-0.8881137971983979,-0.6927474945640195,1.038347922917955,1.700435416963087,0.07855123769275771,0.5930476332513791,0.14365821272227586,-0.6696453939773708,-0.01443526048103189,-1.682935040869287,0.949828359780586,False,True,False,False,True,False
-0.09959716085271132,1.207868686222953,0.6564014299879204,1.3353672397282579,0.4959012671798954,-0.34493370417325536,0.49282747975558555,-1.3798753572867035,-1.4579613085842196,-0.5493959377184225,-1.0528217963833,True,False,False,True,False,False
-0.9538235168938718,-0.6378696220445103,-1.6225829613542595,0.9702990624934286,-0.5126946374140207,0.568510420863265,-0.5546803213443435,0.7508145326412946,1.429090787622156,0.026979877443034005,0.949828359780586,False,True,False,False,True,False
-1.5452109941531367,1.3747575588165286,-0.622977745588978,1.1528331511108432,-0.33879879179438,1.5220251196316357,0.14365821272227586,-1.3798753572867035,-0.01443526048103189,-0.530183410546374,0.949828359780586,True,False,False,True,False,False
1.2803069527522402,1.4593296226308405,-0.49153105972314853,-1.0375759122981327,-0.9996030051490147,1.1918380935461996,0.49282747975558555,-0.6696453939773708,-1.4579613085842196,-0.11711407634733012,-1.0528217963833,True,False,False,False,False,True
0.36037087701560583,0.13850192377087414,-0.626365763267062,-0.48997364644588876,-1.2430571890165116,0.6964888227306841,1.1911660138222049,0.7508145326412946,-0.7361982845326257,1.5928008419649908,0.949828359780586,False,True,False,False,False,True
0.22895143762465808,0.3170429473788662,-0.6525248997608635,0.42269679664118454,0.148109575940614,1.1653763939119586,-0.9038495883776532,-0.6696453939773708,-1.4579613085842196,-1.5196285599068744,-1.0528217963833,False,False,True,False,True,False
1.346016672447714,-0.7147362311557406,-1.0805596331712806,-0.48997364644588876,0.4263429289320391,-1.129505915406655,-1.253018855410963,-1.3798753572867035,-0.01443526048103189,-1.4908097691488016,-1.0528217963833,False,False,True,False,False,True
-1.2166623956757672,-1.6224763827626896,-0.07354837876258387,0.7877649738760139,1.121926311410602,-0.346651996357297,-1.253018855410963,0.04058456933196188,0.7073277635705619,0.08461745895917966,-1.0528217963833,True,False,False,False,True,False
1.6745652709250833,0.6444308033000472,-0.8559984614503406,-0.48997364644588876,-1.3821738655122242,-1.0927344626681643,0.49282747975558555,1.461044495950627,-1.4579613085842196,-1.4523847148047044,-1.0528217963833,True,False,False,False,False,True
0.6889194754929753,1.3151812383073351,0.14298725108248153,1.3353672397282579,0.11333040681668585,-0.39442051907365366,-0.9038495883776532,-1.3798753572867035,-0.01443526048103189,-0.011445176901063095,0.949828359780586,False,False,True,False,True,False
-1.6766304335440845,1.130814139192135,-1.2855592028232004,0.9702990624934286,-0.6170321447858051,0.9238532445230699,-1.6021881224442727,1.461044495950627,-1.4579613085842196,-1.4908097691488016,-1.0528217963833,True,False,False,False,True,False
-1.4795012744576628,0.7912103184977755,1.0407874356469062,1.1528331511108432,0.21766791418847029,1.3658667259459338,-1.253018855410963,-1.3798753572867035,-0.7361982845326257,0.3343803121958108,0.949828359780586,False,False,True,False,False,True
1.0831777936658185,1.569085367669859,-0.5289637550404093,0.7877649738760139,0.07855123769275771,0.448504894729799,-0.20551105431103384,0.7508145326412946,0.7073277635705619,1.0548500811476316,0.949828359780586,False,False,True,False,True,False
0.294661157320132,-1.3809761560929321,1.6264454915082664,0.6052308852585992,0.7393554510473924,-1.1885464348503245,0.8419967467888952,0.04058456933196188,1.429090787622156,1.0932751354917285,-1.0528217963833,False,True,False,False,True,False
0.031822278538236444,0.3285071604736949,-0.7230012674942308,-0.8550418236807181,1.3306013261541707,-0.4123594894750482,1.5403352808555146,-0.6696453939773708,-0.01443526048103189,-1.6060849321810928,-1.0528217963833,False,True,False,False,True,False
-1.348081835066715,0.07460303111117161,-1.424520427898582,-1.4026440895329622,-0.6865904830336614,1.4234638799550086,-1.253018855410963,0.7508145326412946,0.7073277635705619,1.4679194153466752,0.949828359780586,False,True,False,False,False,True
-0.7566943578074501,-0.7850250130814131,-0.9032592080486549,1.1528331511108432,0.11333040681668585,1.3462781950478597,-1.6021881224442727,-1.3798753572867035,1.429090787622156,0.35359283936785935,0.949828359780586,False,False,True,False,True,False
0.6232097557975014,-0.9601831541368329,-1.0623280380420042,1.1528331511108432,-0.37357796091830814,0.4982666363796437,0.14365821272227586,-1.3798753572867035,1.429090787622156,-0.0018389133150388203,0.949828359780586,False,True,False,True,False,False
-1.282372115371241,-1.2016833808065905,-1.1738526199577777,1.5179013283456726,1.5392763408977397,0.8908620345894709,-0.5546803213443435,1.461044495950627,-1.4579613085842196,-0.07868902200323302,-1.0528217963833,False,False,True,False,True,False
1.5431458315341358,0.19657474092336819,1.1975777537513783,0.42269679664118454,0.46112209805596727,1.1148586037011354,1.5403352808555146,1.461044495950627,-0.01443526048103189,-1.1353780164659033,0.949828359780586,False,True,False,True,False,False
-1.348081835066715,0.15579221237291102,1.1182568398687152,1.700435416963087,-0.095344607926883,1.0921084151844247,-0.20551105431103384,-0.6696453939773708,1.429090787622156,-0.0882952855892573,-1.0528217963833,False,True,False,False,False,True
-0.6909846381119762,1.228917733216737,-1.2981802686777157,-0.6725077350633034,0.5654596054277516,0.12601581762886938,1.5403352808555146,1.461044495950627,-0.01443526048103189,0.39201789371195644,-1.0528217963833,True,False,False,False,True,False
1.2803069527522402,-1.3262862214930105,1.0083737665180466,1.3353672397282579,1.5044971717738116,1.5030551739198164,-0.9038495883776532,-1.3798753572867035,-0.01443526048103189,0.5265055839162963,-1.0528217963833,True,False,False,True,False,False
-0.36243603963460685,1.2879302399671682,-0.9927861751847198,-1.0375759122981327,0.391563759808111,1.2893683579124013,-0.20551105431103384,0.7508145326412946,-0.7361982845326257,1.496738206104748,-1.0528217963833,False,False,True,False,False,True
0.4917903164065536,-0.5143944088756148,-0.8027421835683919,-0.48997364644588876,-1.312615527264368,1.3238029332805952,-0.9038495883776532,0.04058456933196188,-0.01443526048103189,-0.5013646197883012,-1.0528217963833,False,True,False,False,True,False
0.4917903164065536,-1.7200161630285296,-1.4660551446194736,-1.5851781781503766,0.04377206856882957,-0.9582265505013869,0.49282747975558555,0.04058456933196188,0.7073277635705619,-1.3851408697025345,0.949828359780586,True,False,False,False,True,False
0.6232097557975014,-0.02594375586806591,-1.216297341426915,1.1528331511108432,-0.060565438802954855,-0.3080935197474031,1.5403352808555146,1.461044495950627,1.429090787622156,0.25753020350761663,-1.0528217963833,True,False,False,True,False,False
0.09753199823371032,-0.06465896730306213,1.3053118158888821,-0.6725077350633034,0.07855123769275771,0.12051728263993614,-0.5546803213443435,-0.6696453939773708,-0.7361982845326257,1.3238254615563112,0.949828359780586,False,True,False,False,False,True
-0.29672631993913295,-0.7286436372052052,0.8364773695926954,0.7877649738760139,-0.9648238360250865,1.1904634597989665,1.1911660138222049,-0.6696453939773708,1.429090787622156,1.14130645342185,-1.0528217963833,False,True,False,True,False,False
-1.0195332365893457,0.0682131418452013,-0.4090426293129378,1.1528331511108432,-1.2430571890165116,-0.509683558779165,-0.5546803213443435,0.04058456933196188,-0.01443526048103189,-0.357270665997937,-1.0528217963833,False,True,False,False,False,True
-1.0852429562848196,1.192457776816789,1.3364724784797728,-0.3074395578284741,-1.3821738655122242,0.7939503554095243,0.8419967467888952,1.461044495950627,0.7073277635705619,1.0836688719057044,-1.0528217963833,False,False,True,True,False,False
1.5431458315341358,1.4728611528411306,0.3379487683575987,0.24016270802376988,-0.4431362991661644,1.2323897890895814,0.14365821272227586,0.7508145326412946,0.7073277635705619,1.487131942518724,-1.0528217963833,True,False,False,False,False,True
0.5575000361020275,0.42661075449829683,1.7027528896669313,-0.12490546921105944,0.5306804363038236,1.538108334474265,0.8419967467888952,0.7508145326412946,-0.01443526048103189,-0.25160176655167,0.949828359780586,False,False,True,True,False,False
-0.09959716085271132,1.571904436463669,0.696809140828292,0.7877649738760139,1.6088346791455959,-1.0176794600692267,-0.5546803213443435,0.7508145326412946,-1.4579613085842196,-0.6934898915087866,0.949828359780586,True,False,False,False,True,False
-0.6909846381119762,1.1060063338066035,-0.8916251473441599,0.9702990624934286,0.07855123769275771,0.10422787273522163,-0.9038495883776532,1.461044495950627,-1.4579613085842196,0.1902863584054467,-1.0528217963833,False,False,True,True,False,False
1.1488875133612924,0.15522839861414892,1.4173089002700916,0.9702990624934286,-1.2430571890165116,-0.6350501565268409,1.5403352808555146,-1.3798753572867035,-1.4579613085842196,-1.654116250111214,-1.0528217963833,False,True,False,False,True,False
-1.2166623956757672,1.2567325453156666,-0.12977617214938114,0.42269679664118454,-1.3473946963882961,1.2473045652470627,0.14365821272227586,0.7508145326412946,1.429090787622156,-1.0008903262615634,0.949828359780586,True,False,False,False,False,True
1.0831777936658185,-1.640330485123489,0.13241369591151894,-1.0375759122981327,-1.069161343396871,1.0725886159737117,-0.9038495883776532,-0.6696453939773708,0.7073277635705619,0.7378433828088303,0.949828359780586,False,False,True,False,True,False
0.820338914883923,0.3850764742694906,-1.5847302638455008,0.6052308852585992,1.4697180026498833,-1.1731505368813118,-1.253018855410963,0.04058456933196188,1.429090787622156,-1.44277845121868,-1.0528217963833,False,False,True,True,False,False
1.6088555512296094,0.93968127497179,-0.39381404985287227,-0.6725077350633034,-1.3473946963882961,0.1161871863361513,0.8419967467888952,0.04058456933196188,-0.7361982845326257,-0.8856151632292721,0.949828359780586,False,True,False,False,False,True
0.6889194754929753,0.19150041709450955,-0.6973006333928147,1.3353672397282579,-0.6518113139097332,1.284557139797085,1.5403352808555146,0.04058456933196188,0.7073277635705619,-0.8471901088851751,-1.0528217963833,True,False,False,True,False,False
1.6745652709250833,1.126115691202451,0.36403790448615053,-0.12490546921105944,1.3306013261541707,1.458448308822096,-0.5546803213443435,-0.6696453939773708,-1.4579613085842196,-0.7030961550948109,0.949828359780586,True,False,False,False,False,True
-1.2166623956757672,1.5572452787358548,1.292291747952444,0.24016270802376988,1.0175888040388175,-0.23276359039901906,-0.5546803213443435,0.7508145326412946,0.7073277635705619,1.7176822685833064,0.949828359780586,False,False,True,True,False,False
0.42608059671107973,1.5162748122658107,-0.5733859868278496,-0.8550418236807181,0.7045762819234642,0.7637084129703917,-0.20551105431103384,0.7508145326412946,1.429090787622156,1.5063444696907724,0.949828359780586,True,False,False,False,False,True
0.9517583542748708,0.9554680602171283,-1.3916167562129749,-1.5851781781503766,1.5392763408977397,0.4315968996388293,-1.6021881224442727,-0.6696453939773708,-0.7361982845326257,1.429494361002578,0.949828359780586,True,False,False,True,False,False
-1.6766304335440845,0.6573985197515749,1.1377309414811734,-0.6725077350633034,-0.4083571300422363,0.03254072281700559,0.8419967467888952,0.04058456933196188,1.429090787622156,-1.2698657066702432,0.949828359780586,True,False,False,True,False,False
-0.6252749184165024,-1.6333767820987568,1.3833167229048517,1.5179013283456726,1.4697180026498833,1.4906834701947167,0.14365821272227586,1.461044495950627,-1.4579613085842196,-0.8567963724711993,-1.0528217963833,False,True,False,False,True,False
0.4917903164065536,-0.5407057176178451,1.4612446295190462,-0.12490546921105944,-1.103940512520799,-0.03570984273312724,-1.6021881224442727,-0.6696453939773708,-0.01443526048103189,-1.231440652326146,-1.0528217963833,True,False,False,False,False,True
1.1488875133612924,1.408022570583491,-0.32171367364571263,1.700435416963087,0.2524470833123984,-1.5893896355435515,0.14365821272227586,0.7508145326412946,-0.01443526048103189,1.4679194153466752,-1.0528217963833,True,False,False,False,True,False
-0.29672631993913295,0.751367479545255,0.43087075320827245,0.7877649738760139,1.2262638187823864,-0.7505881229817987,0.49282747975558555,0.04058456933196188,-0.01443526048103189,0.6802058012926847,-1.0528217963833,False,True,False,True,False,False
1.2145972330567663,-0.5501026135972131,0.7104172118328279,-0.3074395578284741,-0.30401962267045185,0.5405366241070676,0.14365821272227586,0.04058456933196188,1.429090787622156,-1.5196285599068744,-1.0528217963833,True,False,False,False,False,True
1.346016672447714,0.9973782162851094,-0.48397802031270903,-0.8550418236807181,0.7393554510473924,1.2485417356195727,-1.253018855410963,-1.3798753572867035,0.7073277635705619,0.3439865757818351,-1.0528217963833,False,True,False,False,True,False
-0.4281457593300807,0.8829240232564071,1.0207148309115632,-1.2201100009155474,1.2262638187823864,-0.19805408828137847,-1.253018855410963,-0.6696453939773708,-0.01443526048103189,-1.0393153806056605,-1.0528217963833,False,False,True,True,False,False
1.6745652709250833,0.6297716455722331,-0.2018625482834909,0.24016270802376988,-1.069161343396871,0.9738899129223618,1.1911660138222049,-0.6696453939773708,-0.01443526048103189,-0.3956957203420341,-1.0528217963833,False,False,True,False,True,False
-0.8881137971983979,-1.6792336344780725,-0.056650290591313726,0.9702990624934286,1.5044971717738116,1.3404360016221182,1.5403352808555146,1.461044495950627,-1.4579613085842196,-0.6070335192345682,-1.0528217963833,False,False,True,True,False,False
1.4774361118386619,-0.07743874583500274,0.26171137056418364,0.6052308852585992,0.5306804363038236,1.4793427417800418,-1.6021881224442727,-0.6696453939773708,1.429090787622156,-1.193015597982049,-1.0528217963833,False,False,True,True,False,False
0.42608059671107973,0.09114156803485922,-1.5005023243588356,-1.5851781781503766,-1.1387196816447271,-1.388555645072768,0.49282747975558555,-0.6696453939773708,-0.01443526048103189,-0.5782147284764954,0.949828359780586,False,True,False,False,True,False
-0.6252749184165024,-0.3183751587459982,-1.2356174422358237,-1.5851781781503766,0.4959012671798954,0.6099556283423484,-0.9038495883776532,-1.3798753572867035,0.7073277635705619,1.0644563447336557,-1.0528217963833,False,True,False,True,False,False
1.2145972330567663,0.12459451772140932,0.026982645790728937,-1.4026440895329622,0.21766791418847029,1.2578892451007593,1.1911660138222049,0.7508145326412946,-0.7361982845326257,1.2373690892820928,0.949828359780586,False,True,False,True,False,False
0.820338914883923,0.8699563068048792,0.9821376296224703,-1.5851781781503766,-0.37357796091830814,1.3163799110455356,-1.6021881224442727,0.04058456933196188,-1.4579613085842196,0.8146934914970245,-1.0528217963833,False,False,True,False,False,True
0.9517583542748708,0.6487533754505568,-1.2810511793011217,-1.0375759122981327,-0.5474738065379489,-1.6891880455926882,-0.20551105431103384,1.461044495950627,-0.01443526048103189,1.3718567794864325,-1.0528217963833,True,False,False,False,True,False
0.42608059671107973,1.0509405233675069,0.8403343897179523,-1.0375759122981327,-1.3821738655122242,-1.5596288149159507,-1.253018855410963,0.04058456933196188,-0.7361982845326257,-0.0882952855892573,0.949828359780586,False,True,False,True,False,False
-1.6766304335440845,-0.784837075161826,-0.13716471070148367,-0.3074395578284741,-0.825707159529374,0.25255085406169336,-0.9038495883776532,0.04058456933196188,1.429090787622156,0.7858747007389517,-1.0528217963833,False,False,True,False,True,False
-0.033887441157237436,0.1759015697687587,0.03983471285056836,-1.4026440895329622,1.5044971717738116,0.7394461273317244,0.14365821272227586,0.04058456933196188,0.7073277635705619,0.6994183284647333,0.949828359780586,True,False,False,False,False,True
-0.09959716085271132,-0.05582588508245622,-0.5431983293139296,-1.2201100009155474,-0.02578626967902671,0.5337321870582628,-1.253018855410963,1.461044495950627,-1.4579613085842196,-0.2996330844817914,-1.0528217963833,True,False,False,True,False,False
-1.2166623956757672,0.44145785014569866,0.7183482532156157,-1.2201100009155474,-0.825707159529374,0.9998704907450708,-1.253018855410963,-0.6696453939773708,-0.01443526048103189,-1.7309663587994084,-1.0528217963833,False,False,True,False,True,False
-0.9538235168938718,-0.6126859408198042,-1.2237033800703299,0.24016270802376988,-1.3473946963882961,1.1249621617433,1.5403352808555146,0.7508145326412946,0.7073277635705619,1.00681876321751,0.949828359780586,False,False,True,False,True,False
-0.822404077502924,0.5467030851146202,1.7469126200846854,-1.4026440895329622,1.0871471422866739,0.8417876098132426,-0.5546803213443435,0.7508145326412946,-1.4579613085842196,-1.6060849321810928,-1.0528217963833,True,False,False,True,False,False
0.6889194754929753,-0.44579706822622833,0.6989686520962444,-1.4026440895329622,-0.2692404535465237,-1.5488379400001695,0.49282747975558555,-0.6696453939773708,-0.7361982845326257,0.47847426598617493,0.949828359780586,False,False,True,False,False,True
0.8860486345793969,-0.8618916221926435,0.34669881401380737,0.6052308852585992,-0.060565438802954855,-0.6832310693673677,-1.6021881224442727,0.7508145326412946,-1.4579613085842196,-1.1738030708100005,0.949828359780586,False,False,True,True,False,False
1.346016672447714,0.40387026622822664,1.1239093693626263,0.6052308852585992,-0.8604863286533021,-0.6505147861832155,1.5403352808555146,0.04058456933196188,-0.01443526048103189,0.13264877688930105,-1.0528217963833,True,False,False,False,True,False
-0.6909846381119762,-1.3458317651300957,0.8019496894332959,-1.5851781781503766,1.6088346791455959,-1.6668502472001472,-0.20551105431103384,0.7508145326412946,-0.7361982845326257,-0.6070335192345682,0.949828359780586,False,True,False,False,False,True
-1.5452109941531367,0.6493171892093189,0.5684354709969232,0.7877649738760139,-1.6951863876275775,0.6454211790209674,0.14365821272227586,-0.6696453939773708,-1.4579613085842196,-1.7021475680413356,-1.0528217963833,False,False,True,False,False,True
-0.7566943578074501,-0.2747735614017308,0.4202551978181601,0.42269679664118454,-1.6604072185036494,1.2875126023536365,0.49282747975558555,0.7508145326412946,0.7073277635705619,-0.9720715355034906,0.949828359780586,False,True,False,False,False,True
-0.5595651987210285,-1.5927821914678868,-0.21976164167783122,-0.12490546921105944,0.18288874506454214,-0.7691456785694483,-1.253018855410963,0.04058456933196188,1.429090787622156,1.5255569968628209,-1.0528217963833,False,True,False,True,False,False
-1.0195332365893457,0.13323966202242804,1.6260674895359182,1.5179013283456726,1.6088346791455959,-1.3069711321744724,0.8419967467888952,-0.6696453939773708,-1.4579613085842196,-0.8856151632292721,-1.0528217963833,False,True,False,False,False,True
0.8860486345793969,1.159004827130239,-0.7087386930746107,1.3353672397282579,-0.16490294617473927,0.4977167828807505,-0.5546803213443435,-1.3798753572867035,0.7073277635705619,-1.471597241976753,-1.0528217963833,False,True,False,False,True,False
-0.4938554790255546,0.8069971037431137,-0.14967377597159953,0.7877649738760139,0.07855123769275771,-0.6877673607332375,0.14365821272227586,0.04058456933196188,-0.7361982845326257,1.6120133691370395,-1.0528217963833,False,True,False,False,True,False
-1.4137915547621889,1.0772518321097375,1.5940703225802944,0.24016270802376988,0.7045762819234642,-0.9483291875213073,0.14365821272227586,0.7508145326412946,0.7073277635705619,1.7176822685833064,0.949828359780586,False,False,True,False,False,True
0.9517583542748708,1.236059374161057,0.5866075658157374,1.5179013283456726,-0.095344607926883,-1.74046188436449,0.49282747975558555,-1.3798753572867035,-0.01443526048103189,-1.4812035055627772,0.949828359780586,False,False,True,False,False,True
1.0174680739703446,-0.17817347073382772,0.5800485315918434,1.5179013283456726,-0.060565438802954855,-1.3192053725248487,1.5403352808555146,-0.6696453939773708,0.7073277635705619,1.07406260831968,0.949828359780586,True,False,False,False,False,True
-0.09959716085271132,1.255416979878555,1.2983117793639152,-0.48997364644588876,-0.2692404535465237,-1.405532371851099,0.14365821272227586,-1.3798753572867035,0.7073277635705619,0.1806800948194224,0.949828359780586,False,True,False,False,False,True
-0.4281457593300807,0.634845969401092,-0.12198513149709285,-1.5851781781503766,-0.582252975661877,1.43920343636083,1.5403352808555146,0.04058456933196188,-0.7361982845326257,-0.5205771469603497,0.949828359780586,False,True,False,False,True,False
-1.6109207138486106,-0.25278482481000963,0.6186362329357238,0.057628619406355226,-1.4169530346361523,0.9743710347338934,0.8419967467888952,0.7508145326412946,-0.7361982845326257,0.8819373365991945,0.949828359780586,False,True,False,False,True,False
0.4917903164065536,0.3589531034468473,-0.636515816228264,0.6052308852585992,1.2958221570302426,1.4704076224230258,1.5403352808555146,0.04058456933196188,-0.01443526048103189,-1.6156911957671172,-1.0528217963833,False,True,False,False,False,True
-0.29672631993913295,-1.3651893708475937,1.2795516814770043,0.24016270802376988,0.35678459068418283,-1.2504736851631841,0.14365821272227586,-1.3798753572867035,-0.01443526048103189,-1.2122281251540976,0.949828359780586,False,True,False,False,True,False
1.6088555512296094,0.12027194557089997,1.74972313474946,-1.5851781781503766,-0.13012377705081113,-0.16595639028348125,-0.20551105431103384,-0.6696453939773708,0.7073277635705619,-0.3476644024119127,-1.0528217963833,True,False,False,True,False,False
-1.0195332365893457,-0.5617547646116295,0.5952526109240714,-0.6725077350633034,0.28722625243632655,-1.7532459782137595,1.5403352808555146,-1.3798753572867035,0.7073277635705619,-0.13632660351937867,0.949828359780586,False,True,False,False,True,False
1.0174680739703446,-0.7994962328896401,0.5818090407778725,1.700435416963087,-0.6170321447858051,-1.423815000689302,-0.9038495883776532,0.04058456933196188,-0.7361982845326257,-0.7703400001969808,0.949828359780586,False,True,False,False,False,True
-1.4795012744576628,1.3542723255815063,-0.8037641889010371,-0.3074395578284741,-0.23446128442259556,-0.4292674845660175,-1.253018855410963,-1.3798753572867035,0.7073277635705619,-1.298684497428316,0.949828359780586,False,True,False,True,False,False
-1.0195332365893457,-0.8472324644648294,-0.2977945488399003,-0.48997364644588876,-0.825707159529374,0.9257777317691968,-0.5546803213443435,-1.3798753572867035,-0.7361982845326257,1.698469741411258,0.949828359780586,True,False,False,True,False,False
-0.23101660024365908,1.5136436813915874,1.653934634941812,-0.3074395578284741,-0.13012377705081113,1.0540997920734239,-0.20551105431103384,-0.6696453939773708,0.7073277635705619,1.00681876321751,-1.0528217963833,False,True,False,True,False,False
1.4774361118386619,0.0753547827895209,-0.27258741731349445,-0.3074395578284741,-1.4517322037600806,1.3229781530322553,-1.6021881224442727,0.7508145326412946,1.429090787622156,-0.4725458290302283,0.949828359780586,True,False,False,True,False,False
-0.822404077502924,1.1332573321467712,-1.4542425829835919,-0.6725077350633034,0.8089137892952487,1.4990687360528396,-0.9038495883776532,0.04058456933196188,-1.4579613085842196,1.5351632604488452,0.949828359780586,False,True,False,False,False,True
1.0831777936658185,0.23735726947382535,-0.4566078775000883,-0.8550418236807181,-0.7213696521575895,-1.263395242387177,-0.20551105431103384,-0.6696453939773708,1.429090787622156,-0.6742773643367381,-1.0528217963833,False,True,False,False,False,True
0.031822278538236444,-1.2753550452848357,-1.0662130583133607,1.700435416963087,-1.2778363581404397,-0.6060453844602184,1.1911660138222049,-0.6696453939773708,-0.01443526048103189,1.20855029852402,-1.0528217963833,False,False,True,False,False,True
-1.0195332365893457,-0.25410039024712106,0.2763134467552645,-0.8550418236807181,1.2958221570302426,-0.023338139008027562,1.1911660138222049,0.04058456933196188,-1.4579613085842196,1.4006755702445053,-1.0528217963833,False,False,True,False,True,False
-1.282372115371241,-1.6318732787420576,-0.7123962121589059,1.1528331511108432,-0.7909279904054458,1.223111011295757,-1.6021881224442727,-1.3798753572867035,1.429090787622156,1.6792572142392093,0.949828359780586,False,False,True,False,False,True
-1.0195332365893457,-0.22139919223892046,-1.3341709564708335,1.5179013283456726,1.4697180026498833,0.8455678526181343,-0.5546803213443435,0.04058456933196188,-1.4579613085842196,-0.5493959377184225,-1.0528217963833,True,False,False,True,False,False
1.6088555512296094,0.630147521411408,0.8239438041947422,-1.0375759122981327,-1.4169530346361523,-0.42287543764138286,1.5403352808555146,0.7508145326412946,1.429090787622156,0.40162415729798073,0.949828359780586,True,False,False,True,False,False
-1.4795012744576628,-0.6047925481971351,1.4457500486710317,-1.2201100009155474,-0.582252975661877,0.9539577235874789,0.14365821272227586,0.7508145326412946,1.429090787622156,0.4208366844700293,0.949828359780586,False,False,True,True,False,False
-1.4795012744576628,-1.0556556172872118,0.6125987014329397,-1.0375759122981327,0.5654596054277516,0.8347082460149914,-0.20551105431103384,0.7508145326412946,-1.4579613085842196,0.1902863584054467,-1.0528217963833,False,False,True,False,True,False
0.42608059671107973,0.7833169258751065,1.266493113339678,-1.0375759122981327,0.7741346201713205,0.012745996856846263,0.49282747975558555,1.461044495950627,1.429090787622156,-0.17475165786347577,0.949828359780586,False,True,False,True,False,False
1.1488875133612924,-1.015624840415104,-0.8491069254915106,1.700435416963087,1.5392763408977397,0.26554114297304826,0.49282747975558555,1.461044495950627,1.429090787622156,1.3814630430724568,-1.0528217963833,True,False,False,False,False,True
-0.4281457593300807,0.7019398066937794,1.734295054248432,0.6052308852585992,-0.825707159529374,-1.3647744812456322,1.1911660138222049,-1.3798753572867035,1.429090787622156,1.5831945783789665,0.949828359780586,False,False,True,True,False,False
-1.4795012744576628,-0.05469825756493202,-0.02678463475754223,-0.6725077350633034,-1.3821738655122242,-0.49270683200083387,-1.253018855410963,0.04058456933196188,-0.01443526048103189,0.39201789371195644,0.949828359780586,False,True,False,False,False,True
0.7546291951884491,-0.06183989850925188,-1.5994408406027187,-1.4026440895329622,-0.6170321447858051,0.2263640811768996,0.8419967467888952,-1.3798753572867035,1.429090787622156,0.47847426598617493,0.949828359780586,False,True,False,False,True,False
-1.5452109941531367,-0.6435077596321314,-1.6488610984689853,-0.3074395578284741,0.4263429289320391,0.5819130998987894,0.8419967467888952,1.461044495950627,-0.01443526048103189,-0.1651453942774515,0.949828359780586,False,True,False,False,True,False
-1.1509526759802935,0.3542546554571633,-0.9979662022131954,0.9702990624934286,-1.5908488802557932,0.38705876622847096,1.5403352808555146,-0.6696453939773708,-1.4579613085842196,1.6600446870671608,-1.0528217963833,False,False,True,False,False,True
-1.348081835066715,0.4722796689580254,-0.6218647397815082,-0.48997364644588876,1.6088346791455959,0.8969104230772974,-1.253018855410963,-0.6696453939773708,0.7073277635705619,-1.3275032881863889,0.949828359780586,False,False,True,False,False,True
1.6745652709250833,0.9804638035222468,1.181726171040591,-1.0375759122981327,-0.02578626967902671,0.521772873457333,-1.253018855410963,0.04058456933196188,-0.7361982845326257,1.07406260831968,-1.0528217963833,False,True,False,True,False,False
-1.2166623956757672,0.45273412532094015,1.1110783024123618,-0.48997364644588876,-1.4517322037600806,-1.5727565672020287,1.5403352808555146,-0.6696453939773708,-0.01443526048103189,1.3814630430724568,0.949828359780586,True,False,False,True,False,False
0.6889194754929753,1.0432350686644252,-0.20891508508239498,0.057628619406355226,-1.4865113728840087,-1.062904910353202,1.5403352808555146,-1.3798753572867035,-1.4579613085842196,1.1701252441799228,-1.0528217963833,False,True,False,False,False,True
0.5575000361020275,0.5124983837497208,0.6837225725448666,0.24016270802376988,1.365380495278099,0.66906487947338,-0.5546803213443435,-0.6696453939773708,-0.7361982845326257,1.6600446870671608,-1.0528217963833,True,False,False,True,False,False
0.031822278538236444,0.10204196737092606,-1.4333124737739404,-0.3074395578284741,0.21766791418847029,-0.09681231279764682,0.49282747975558555,0.04058456933196188,0.7073277635705619,-0.9624652719174663,0.949828359780586,False,True,False,False,False,True
0.42608059671107973,-1.6747231244079757,1.1565995399342217,0.24016270802376988,1.0175888040388175,1.5480056974543446,0.8419967467888952,1.461044495950627,1.429090787622156,-1.2026218615680733,0.949828359780586,True,False,False,True,False,False
1.6745652709250833,1.544277562284327,0.0423547259995564,1.5179013283456726,0.5654596054277516,-1.020497459251055,0.14365821272227586,1.461044495950627,-1.4579613085842196,1.3718567794864325,0.949828359780586,True,False,False,False,True,False
0.6232097557975014,-0.8243040382751715,0.07531439797736335,0.9702990624934286,0.7045762819234642,-1.109161335947602,-1.253018855410963,0.04058456933196188,-0.7361982845326257,-0.6742773643367381,0.949828359780586,True,False,False,False,False,True
-1.282372115371241,0.45442556659722644,-1.5412810371350307,1.1528331511108432,-0.8604863286533021,0.7657016319038802,0.49282747975558555,0.04058456933196188,-0.01443526048103189,1.4391006245886024,0.949828359780586,False,False,True,False,False,True
-1.0195332365893457,0.16312179123681808,-0.9373423858887191,0.42269679664118454,-0.6865904830336614,-0.2500152439267968,-1.253018855410963,1.461044495950627,-0.01443526048103189,-0.9240402175733693,0.949828359780586,True,False,False,True,False,False
0.6232097557975014,1.6218959230739072,-0.11992712075875253,-0.8550418236807181,1.2958221570302426,1.0273631656897366,0.8419967467888952,-1.3798753572867035,0.7073277635705619,0.5553243746743691,-1.0528217963833,True,False,False,False,False,True
1.6088555512296094,1.0858969764107562,1.688395814754224,1.3353672397282579,-0.5474738065379489,1.430611975440622,0.49282747975558555,-0.6696453939773708,-0.7361982845326257,-0.10750781276130585,0.949828359780586,False,False,True,False,False,True
0.6889194754929753,-0.4888348518117339,1.1712436163444526,1.5179013283456726,-0.4083571300422363,-0.9472294805235207,-0.9038495883776532,0.04058456933196188,-0.7361982845326257,-0.9624652719174663,0.949828359780586,False,True,False,True,False,False
0.5575000361020275,1.4858288692926584,0.45010335356061915,0.24016270802376988,-0.9996030051490147,0.22478325236758118,-0.9038495883776532,-0.6696453939773708,-0.01443526048103189,-0.10750781276130585,0.949828359780586,True,False,False,True,False,False
-1.4137915547621889,0.8329325366461693,-0.41911218185410276,0.24016270802376988,-0.6170321447858051,-1.4568749423102625,-0.5546803213443435,0.7508145326412946,-0.7361982845326257,0.8339060186690731,0.949828359780586,True,False,False,False,False,True
-0.822404077502924,-1.287007196299252,-0.7803420666884976,-0.6725077350633034,-0.16490294617473927,-0.2580568513481114,1.1911660138222049,-1.3798753572867035,0.7073277635705619,-1.5868724050090441,0.949828359780586,False,True,False,False,False,True
0.031822278538236444,1.037408993157217,0.28824500901207073,-1.4026440895329622,-0.060565438802954855,0.8533345332900023,1.5403352808555146,0.7508145326412946,0.7073277635705619,-0.10750781276130585,-1.0528217963833,True,False,False,True,False,False
-0.6252749184165024,-0.28229107818522503,0.9143352758416403,0.42269679664118454,-0.6518113139097332,-0.8230313214609931,-0.20551105431103384,-1.3798753572867035,-1.4579613085842196,-1.1353780164659033,-1.0528217963833,False,False,True,False,False,True
-1.348081835066715,0.8953279259491728,-0.04891525023122511,-1.0375759122981327,1.4349388335259552,-0.5157319472669915,-1.253018855410963,1.461044495950627,-1.4579613085842196,0.10382998613122821,-1.0528217963833,False,True,False,True,False,False
-0.822404077502924,1.3965583574886624,1.4506535742567712,0.7877649738760139,-0.7561488212815177,0.4522164058473286,1.1911660138222049,0.7508145326412946,-0.7361982845326257,0.7474496463948547,0.949828359780586,False,True,False,False,False,True
-0.5595651987210285,-0.1941481938987532,-0.721401759148276,-0.48997364644588876,0.9480304657909613,0.2736514820817247,1.5403352808555146,1.461044495950627,-1.4579613085842196,-1.1065592257078305,-1.0528217963833,True,False,False,False,False,True
-1.6766304335440845,1.5211611981750819,-0.6248362552863568,0.7877649738760139,-1.312615527264368,1.5518546719465978,1.1911660138222049,0.7508145326412946,-1.4579613085842196,0.5168993203302721,-1.0528217963833,False,True,False,False,False,True
-0.1653068805481852,1.3411166712103908,-0.09631949757830152,-1.0375759122981327,-0.33879879179438,-0.8921753989468276,1.1911660138222049,0.04058456933196188,0.7073277635705619,0.4496554752281021,0.949828359780586,False,False,True,False,False,True
0.09753199823371032,1.385845896072183,-0.07677539560059372,-0.3074395578284741,-1.0343821742729429,-0.7156724258020732,0.49282747975558555,1.461044495950627,-0.7361982845326257,1.3142191979702869,0.949828359780586,False,False,True,False,True,False
0.8860486345793969,0.6042120885083524,1.2667696147824143,1.3353672397282579,0.7741346201713205,-1.798402696810373,1.5403352808555146,-1.3798753572867035,-0.7361982845326257,0.7954809643249761,-1.0528217963833,False,False,True,False,False,True
1.2145972330567663,-0.6228345884775216,-0.7591739562369976,1.700435416963087,0.4959012671798954,-0.5865255852495058,0.49282747975558555,0.7508145326412946,-0.7361982845326257,-0.02105144048708737,0.949828359780586,False,False,True,False,False,True
0.8860486345793969,1.4775596008308145,-1.653554622958976,1.700435416963087,1.2262638187823864,0.9948530775676692,0.14365821272227586,-0.6696453939773708,0.7073277635705619,-0.5013646197883012,-1.0528217963833,False,True,False,False,False,True
-0.1653068805481852,1.5457810656410262,1.5398690397674748,0.6052308852585992,0.6350179436756079,-0.5610948609256899,0.14365821272227586,0.7508145326412946,0.7073277635705619,-0.7799462637830051,0.949828359780586,False,True,False,False,False,True
-0.822404077502924,0.01596640019991519,-0.7681025028245929,0.057628619406355226,1.4349388335259552,0.641434741153991,0.8419967467888952,-1.3798753572867035,-0.7361982845326257,1.496738206104748,0.949828359780586,False,False,True,False,False,True
1.6088555512296094,0.7186662815370547,-0.7505954114756506,0.6052308852585992,0.7741346201713205,-1.0479214025083592,1.5403352808555146,-0.6696453939773708,0.7073277635705619,0.5937494290184663,0.949828359780586,False,False,True,False,True,False
0.1632417179291842,-1.3698878188372778,-1.0453529494689593,-1.5851781781503766,0.04377206856882957,0.9479093350996525,-1.6021881224442727,-1.3798753572867035,-0.01443526048103189,1.1028813990777528,0.949828359780586,False,False,True,False,True,False
1.5431458315341358,1.104502830449905,1.2650406057607475,0.9702990624934286,1.0523679731627458,1.4425712890415516,-1.253018855410963,1.461044495950627,1.429090787622156,1.1124876626637772,0.949828359780586,False,True,False,False,False,True
0.9517583542748708,0.5965066338052707,-1.704742390047797,0.24016270802376988,-1.2778363581404397,0.5226663853930347,-1.6021881224442727,1.461044495950627,-0.7361982845326257,-1.125771752879879,0.949828359780586,False,False,True,False,True,False
0.5575000361020275,-1.3251585939754862,-1.627356986264287,-0.48997364644588876,-0.33879879179438,-0.4001939808120335,0.49282747975558555,1.461044495950627,-0.7361982845326257,1.7272885321693308,0.949828359780586,True,False,False,True,False,False
1.2803069527522402,1.5247320186472417,-1.6570546412214595,-1.2201100009155474,0.4263429289320391,1.38469920828303,0.8419967467888952,0.04058456933196188,0.7073277635705619,1.7465010593413792,-1.0528217963833,True,False,False,True,False,False
0.6889194754929753,0.7182904056978798,1.6749347445167129,0.7877649738760139,-1.4169530346361523,-0.5826078790698909,-1.6021881224442727,1.461044495950627,1.429090787622156,0.8819373365991945,0.949828359780586,True,False,False,True,False,False
0.6232097557975014,1.1541184412209677,0.05329928310634239,0.6052308852585992,1.365380495278099,-1.2600273897064558,1.1911660138222049,0.04058456933196188,-1.4579613085842196,-1.4812035055627772,-1.0528217963833,True,False,False,False,False,True
-0.033887441157237436,-1.1515039562767655,-1.5047198463651283,0.7877649738760139,-1.1387196816447271,-1.6465743994284563,-0.20551105431103384,-1.3798753572867035,1.429090787622156,0.17107383123339814,0.949828359780586,False,False,True,False,False,True
0.36037087701560583,0.14789881975024213,-0.7352163312302982,0.9702990624934286,0.5654596054277516,0.06539446937588139,1.1911660138222049,-1.3798753572867035,0.7073277635705619,0.03658614102905828,0.949828359780586,False,True,False,False,True,False
-0.7566943578074501,-0.8188538386071382,-1.1950347304823277,1.3353672397282579,-0.7213696521575895,0.2565372919286702,0.14365821272227586,-1.3798753572867035,0.7073277635705619,0.1806800948194224,-1.0528217963833,False,True,False,True,False,False
1.1488875133612924,0.09433651266784436,-0.828043815587885,-0.3074395578284741,-1.2082780198925835,0.8374575135094579,0.14365821272227586,1.461044495950627,-0.7361982845326257,0.5457181110883449,0.949828359780586,False,False,True,True,False,False
-1.4795012744576628,1.146037110678711,1.129075396318052,-0.6725077350633034,-0.8952654977772303,-0.161695025667058,-0.9038495883776532,1.461044495950627,-0.01443526048103189,-1.0297091170196362,0.949828359780586,False,False,True,False,True,False
-0.8881137971983979,-0.983675394085253,0.5411668287139144,0.42269679664118454,0.4959012671798954,-1.0312883341668362,-1.253018855410963,-1.3798753572867035,-0.01443526048103189,0.9299686545293159,0.949828359780586,False,True,False,True,False,False
-0.1653068805481852,0.31084099603248305,0.2944365413184042,-0.6725077350633034,-0.825707159529374,1.0692207632929904,-1.6021881224442727,-1.3798753572867035,1.429090787622156,-1.5484473506649472,-1.0528217963833,False,False,True,False,True,False
0.294661157320132,-0.4296344071417154,0.22814269540870433,1.1528331511108432,0.4263429289320391,0.03061623557087917,0.49282747975558555,0.7508145326412946,-1.4579613085842196,-1.3467158153584373,0.949828359780586,False,True,False,False,True,False
-0.5595651987210285,-0.7245090029742832,-1.465964144144649,-0.12490546921105944,0.7045762819234642,-0.9653059142996384,-0.9038495883776532,-1.3798753572867035,-0.01443526048103189,-0.4341207746861312,0.949828359780586,False,False,True,False,False,True
0.8860486345793969,0.6900997177597759,1.6528881294813296,-0.48997364644588876,-0.4431362991661644,-1.8047260120476463,-0.9038495883776532,1.461044495950627,1.429090787622156,-1.1449842800519276,-1.0528217963833,False,False,True,False,False,True
1.346016672447714,-1.4616015235959094,-0.6658459692678756,-1.4026440895329622,-1.4169530346361523,-0.4920882468145789,1.5403352808555146,-0.6696453939773708,0.7073277635705619,0.43044294805605354,-1.0528217963833,False,False,True,True,False,False
-0.7566943578074501,1.3796439447257998,-0.061777817345851894,-0.3074395578284741,1.5044971717738116,-0.32390180784058603,1.5403352808555146,0.04058456933196188,1.429090787622156,-0.4053019839280584,0.949828359780586,False,True,False,False,False,True
-1.4795012744576628,-1.2715962868930886,-0.48677453490443345,-1.5851781781503766,-1.103940512520799,-0.42232558414248944,-0.5546803213443435,-1.3798753572867035,-0.01443526048103189,0.8819373365991945,-1.0528217963833,False,True,False,False,True,False
-0.36243603963460685,-0.09642047571332593,-0.09690750064639886,-1.0375759122981327,0.6350179436756079,-0.34438385067436195,-1.6021881224442727,0.7508145326412946,-0.01443526048103189,1.0836688719057044,-1.0528217963833,False,False,True,False,True,False
0.22895143762465808,-0.4343328551313994,-1.5609966400076,-0.48997364644588876,-1.069161343396871,0.9995268323082624,0.49282747975558555,0.7508145326412946,0.7073277635705619,-0.9240402175733693,-1.0528217963833,True,False,False,False,True,False
-1.6109207138486106,0.6446187412196349,-0.8819125966657683,-0.3074395578284741,-1.0343821742729429,-0.5966978749790322,1.1911660138222049,0.7508145326412946,-0.7361982845326257,0.4208366844700293,-1.0528217963833,True,False,False,False,False,True
-0.7566943578074501,0.11087504959153197,0.3384737710969712,-1.5851781781503766,0.6350179436756079,-1.7734530942980888,-1.253018855410963,0.7508145326412946,0.7073277635705619,-0.568608464890471,0.949828359780586,False,True,False,False,False,True
0.22895143762465808,1.2180173338806703,-0.5615174248997681,-0.8550418236807181,1.400159664402027,1.0624850579315472,1.5403352808555146,0.7508145326412946,-0.01443526048103189,-0.3188456116538399,-1.0528217963833,False,True,False,False,True,False
-0.36243603963460685,-0.3429950262119424,-1.4003248016500338,-0.6725077350633034,0.04377206856882957,1.2760344105642385,-0.9038495883776532,-0.6696453939773708,1.429090787622156,0.007767350270985455,-1.0528217963833,False,True,False,False,False,True
-0.8881137971983979,-1.7252784247769757,-0.3023410725628666,-0.3074395578284741,-0.8604863286533021,-1.609802946689966,-0.9038495883776532,1.461044495950627,-0.7361982845326257,0.31516778502376225,0.949828359780586,True,False,False,False,True,False
0.8860486345793969,0.47641430318894734,0.052511778997283605,1.5179013283456726,0.391563759808111,-0.5605450074267967,1.5403352808555146,0.04058456933196188,-0.7361982845326257,-0.741521209438908,-1.0528217963833,False,True,False,False,False,True
-0.8881137971983979,0.6726214912381512,0.7782300656684452,-0.3074395578284741,0.46112209805596727,-0.2219727154832376,-1.253018855410963,1.461044495950627,-1.4579613085842196,-0.05947649483118447,-1.0528217963833,False,False,True,True,False,False
-0.822404077502924,1.4070828809855545,1.0399859314647972,0.24016270802376988,-0.6518113139097332,0.9114128091106086,1.1911660138222049,-0.6696453939773708,0.7073277635705619,-0.0018389133150388203,-1.0528217963833,False,True,False,True,False,False
0.8860486345793969,0.07272365191529812,-0.9804941110468779,0.7877649738760139,0.18288874506454214,-0.49174458837777046,-1.6021881224442727,0.04058456933196188,-1.4579613085842196,-0.23238923937962142,0.949828359780586,True,False,False,False,False,True
0.6889194754929753,-0.7237572512959339,0.9735450847880733,-1.4026440895329622,-0.9648238360250865,-0.6264586956066329,-0.20551105431103384,0.04058456933196188,1.429090787622156,-0.5974272556485439,-1.0528217963833,True,False,False,False,True,False
0.7546291951884491,-0.8654624426648033,0.3469998155843808,-0.8550418236807181,-0.825707159529374,0.43090958276521285,-0.20551105431103384,-1.3798753572867035,0.7073277635705619,-0.530183410546374,0.949828359780586,True,False,False,False,True,False
1.411726392143188,1.598403683125487,0.3850940143532511,1.700435416963087,-1.1734988507686555,0.6400601074067578,0.49282747975558555,1.461044495950627,-0.01443526048103189,0.7858747007389517,0.949828359780586,False,True,False,True,False,False
-0.29672631993913295,-0.7175552999495511,-0.2686148965855756,0.24016270802376988,0.9132512966670331,1.1113532876456906,1.1911660138222049,-0.6696453939773708,-1.4579613085842196,0.07501119537315538,0.949828359780586,False,False,True,False,False,True
-1.0852429562848196,-1.091739697847985,-1.1361819233986679,-1.5851781781503766,-1.1734988507686555,1.5432632110263897,-0.20551105431103384,-0.6696453939773708,0.7073277635705619,-0.14593286710540296,0.949828359780586,False,True,False,False,True,False
0.5575000361020275,0.05599717707202306,1.3283909363116984,-0.3074395578284741,-0.7213696521575895,-1.8011519643048395,-1.6021881224442727,1.461044495950627,1.429090787622156,0.305561521437738,0.949828359780586,True,False,False,True,False,False
-1.348081835066715,-0.9650695400461042,1.2102548198980934,1.5179013283456726,-0.8952654977772303,0.8481796567378774,-0.9038495883776532,1.461044495950627,1.429090787622156,-1.2410469159121704,-1.0528217963833,True,False,False,True,False,False
-1.348081835066715,-0.2533486385687717,-0.30094456527613545,1.700435416963087,-0.4431362991661644,0.4016298839491439,0.8419967467888952,-1.3798753572867035,0.7073277635705619,-1.1545905436379518,-1.0528217963833,True,False,False,False,False,True
0.294661157320132,1.545593127721439,0.40881363811810173,1.1528331511108432,0.9828096349148894,0.9260526585186432,-1.253018855410963,-1.3798753572867035,-0.7361982845326257,0.31516778502376225,0.949828359780586,True,False,False,False,False,True
-1.348081835066715,0.3634636135169441,-1.0550620001290885,1.1528331511108432,-0.16490294617473927,0.8147760566801084,-1.6021881224442727,-1.3798753572867035,-0.7361982845326257,-0.1267203399333544,-1.0528217963833,False,False,True,False,True,False
0.6889194754929753,1.126115691202451,-0.6058906564315336,0.057628619406355226,-0.30401962267045185,0.9159491004764787,1.5403352808555146,1.461044495950627,-1.4579613085842196,-0.7319149458528837,0.949828359780586,False,True,False,True,False,False
-0.4281457593300807,0.9417485920872507,-0.15080078185211931,1.5179013283456726,-1.4517322037600806,0.8235737126624018,0.49282747975558555,-0.6696453939773708,1.429090787622156,1.736894795755355,-1.0528217963833,False,True,False,False,False,True
1.0831777936658185,-1.6140191763812586,0.3302592282349224,1.3353672397282579,0.8436929584191768,-0.476692348845566,0.49282747975558555,-1.3798753572867035,-0.7361982845326257,0.12304251330327676,0.949828359780586,True,False,False,True,False,False
0.1632417179291842,1.2368111258394063,-1.506287854546721,-1.5851781781503766,1.6783930173934523,0.17509024240509768,1.1911660138222049,0.04058456933196188,-0.7361982845326257,-0.9528590083314421,0.949828359780586,False,False,True,False,False,True
-0.09959716085271132,-1.5715452065545152,0.8323648481342772,0.24016270802376988,1.1914846496584584,-0.6154616256287665,1.5403352808555146,-1.3798753572867035,-0.7361982845326257,0.3343803121958108,0.949828359780586,False,False,True,False,False,True
-1.6109207138486106,-0.34261915037276774,1.5279234774376191,-0.6725077350633034,0.7045762819234642,0.3105603981949385,-1.6021881224442727,-1.3798753572867035,-0.7361982845326257,-1.2794719702562674,-1.0528217963833,True,False,False,False,True,False
0.22895143762465808,0.5316680515476312,-0.8061127011551635,0.42269679664118454,-0.8952654977772303,0.9186296362835835,-1.253018855410963,-1.3798753572867035,1.429090787622156,-0.3668769295839613,-1.0528217963833,False,False,True,False,False,True
-0.033887441157237436,0.8521022044440802,0.5311567764832115,1.700435416963087,-1.5212905420079368,-0.13220913178890384,0.49282747975558555,0.04058456933196188,-0.01443526048103189,0.5457181110883449,0.949828359780586,True,False,False,False,False,True
0.8860486345793969,0.5664365666712926,-1.275451150081148,0.9702990624934286,-1.2430571890165116,-0.6835747278041758,0.8419967467888952,0.7508145326412946,0.7073277635705619,-1.7117538316273597,-1.0528217963833,False,True,False,False,True,False
0.7546291951884491,-1.0423120249965092,1.2246818951760505,-0.8550418236807181,-1.4865113728840087,-0.20018477058959006,-1.253018855410963,0.7508145326412946,-0.7361982845326257,-1.4908097691488016,-1.0528217963833,False,False,True,False,False,True
-0.36243603963460685,0.8848034024522805,-1.2730501375530845,0.6052308852585992,-1.6256280493797213,0.9830999590288247,0.14365821272227586,0.7508145326412946,-1.4579613085842196,0.4592617388141264,-1.0528217963833,False,True,False,False,False,True
-1.6766304335440845,-0.17610615361836676,0.5390843178477368,-1.5851781781503766,0.21766791418847029,-1.509592146516659,-1.253018855410963,-1.3798753572867035,0.7073277635705619,-1.0104965898475877,0.949828359780586,False,False,True,True,False,False
0.031822278538236444,-1.274979169445661,1.5178574249147165,0.057628619406355226,-0.02578626967902671,0.9389742157426361,1.1911660138222049,0.04058456933196188,-0.01443526048103189,-0.6550648371646896,0.949828359780586,True,False,False,True,False,False
0.9517583542748708,1.332847402748547,-0.6682539818324642,-0.8550418236807181,-0.825707159529374,-0.5280349193047293,-1.253018855410963,-0.6696453939773708,-1.4579613085842196,0.411230420884005,-1.0528217963833,True,False,False,False,False,True
-0.6909846381119762,0.4583722629085606,-0.38548400638816155,-0.12490546921105944,-0.23446128442259556,-1.1170654799941935,0.14365821272227586,-0.6696453939773708,-0.01443526048103189,1.6408321598951123,0.949828359780586,False,True,False,False,True,False
1.5431458315341358,-1.5161035202762438,-1.410968357186246,-0.3074395578284741,-0.7213696521575895,0.35915370115963524,1.1911660138222049,0.04058456933196188,1.429090787622156,-0.4725458290302283,0.949828359780586,False,False,True,False,True,False
-0.36243603963460685,0.8135749309286713,-1.4953082972573104,-0.6725077350633034,-1.6604072185036494,1.5187259986382757,1.1911660138222049,0.04058456933196188,1.429090787622156,-0.4053019839280584,-1.0528217963833,True,False,False,False,True,False
-1.1509526759802935,-0.10130686162259739,-0.5865425554765249,-0.12490546921105944,1.4697180026498833,-0.3330431222596873,0.49282747975558555,-1.3798753572867035,1.429090787622156,-0.8567963724711993,-1.0528217963833,True,False,False,True,False,False
-1.4137915547621889,-1.4114220990660844,1.0123987875199025,0.42269679664118454,-0.9300446669011584,-1.067235006656987,0.8419967467888952,-1.3798753572867035,-1.4579613085842196,-1.0489216441916849,-1.0528217963833,True,False,False,True,False,False
-0.6252749184165024,-0.4548180883664217,0.03744770039555473,-0.12490546921105944,-0.060565438802954855,-0.2806008448027374,1.1911660138222049,-1.3798753572867035,-0.01443526048103189,-0.6070335192345682,-1.0528217963833,False,True,False,False,True,False
0.42608059671107973,-1.5001287971113184,-0.8092487175183487,-1.4026440895329622,1.5392763408977397,1.3975520338196612,-1.6021881224442727,-0.6696453939773708,0.7073277635705619,1.0356375539755829,-1.0528217963833,False,False,True,True,False,False
0.1632417179291842,0.6585261472690992,-1.1783886436259563,0.24016270802376988,-0.6170321447858051,-0.28479347773179897,0.8419967467888952,0.7508145326412946,1.429090787622156,-1.087346698535782,-1.0528217963833,False,True,False,True,False,False
0.6889194754929753,0.41533447932305534,0.3173721609924583,1.5179013283456726,-1.5560697111318649,-0.510920729151675,-0.9038495883776532,0.7508145326412946,-0.01443526048103189,-0.4341207746861312,0.949828359780586,False,False,True,True,False,False
-0.09959716085271132,-0.9511621339966395,-0.24871379274509461,0.7877649738760139,-1.6951863876275775,1.1154771888873904,-0.9038495883776532,0.04058456933196188,1.429090787622156,-1.5388410870789229,-1.0528217963833,False,True,False,True,False,False
0.22895143762465808,0.9438159092027119,-1.385393723742279,0.7877649738760139,-0.9996030051490147,-0.32046522347250284,-0.20551105431103384,0.04058456933196188,0.7073277635705619,0.44004921164207783,-1.0528217963833,False,True,False,False,True,False
-1.4795012744576628,-0.8780542832771565,1.24279098966614,0.7877649738760139,1.5044971717738116,1.4345984133075984,0.14365821272227586,1.461044495950627,1.429090787622156,-1.5868724050090441,-1.0528217963833,False,False,True,False,True,False
0.5575000361020275,-1.4933630320061733,-1.3972587856520982,0.24016270802376988,0.18288874506454214,0.44506831036171574,0.8419967467888952,1.461044495950627,-0.7361982845326257,1.2661878800401656,-1.0528217963833,True,False,False,False,True,False
1.411726392143188,-0.11483839183288728,0.47376697703327014,-0.8550418236807181,-1.103940512520799,-0.5780028560166595,-0.5546803213443435,0.7508145326412946,1.429090787622156,0.9107561273572673,0.949828359780586,False,True,False,False,False,True
1.6088555512296094,-0.885571800060651,0.44538532894279154,0.9702990624934286,-1.103940512520799,0.29970079159179525,-0.5546803213443435,1.461044495950627,-0.01443526048103189,-0.14593286710540296,-1.0528217963833,False,True,False,False,False,True
-0.23101660024365908,0.49727541226314453,1.4414030259890271,-1.5851781781503766,0.8089137892952487,0.5377186249252391,1.1911660138222049,-0.6696453939773708,0.7073277635705619,-1.2506531794981945,0.949828359780586,True,False,False,True,False,False
1.346016672447714,0.33696436685512643,-0.7327593184100348,1.700435416963087,1.5392763408977397,-1.7643117798789876,0.8419967467888952,1.461044495950627,-1.4579613085842196,-1.2506531794981945,0.949828359780586,True,False,False,False,False,True
-1.1509526759802935,-0.5232274910962208,-1.1474344821125524,-0.48997364644588876,-0.9648238360250865,0.4349647523195509,-1.6021881224442727,0.04058456933196188,1.429090787622156,-0.3380581388258885,-1.0528217963833,True,False,False,False,True,False
0.4917903164065536,1.0015128505160313,-1.1503149971425761,0.24016270802376988,-0.6518113139097332,-0.16843073102850106,0.8419967467888952,-0.6696453939773708,-0.7361982845326257,1.6024071055510152,-1.0528217963833,False,True,False,False,False,True
0.294661157320132,-1.4614135856763222,-0.263070867657802,0.9702990624934286,-0.8604863286533021,-0.9996717579804707,1.1911660138222049,1.461044495950627,1.429090787622156,0.5649306382603935,-1.0528217963833,False,True,False,False,True,False
1.346016672447714,0.20803895401819714,0.00029150652102984955,-0.12490546921105944,0.5654596054277516,1.1094288003995638,-0.9038495883776532,0.04058456933196188,-0.7361982845326257,-0.8856151632292721,0.949828359780586,False,True,False,False,True,False
0.42608059671107973,1.1343849596642948,0.34071728280322305,-0.12490546921105944,1.3306013261541707,-0.41077866066572977,0.14365821272227586,0.04058456933196188,1.429090787622156,-0.5493959377184225,-1.0528217963833,False,True,False,False,True,False
-1.0195332365893457,0.6872806489659653,0.253636828432634,-0.48997364644588876,-0.5126946374140207,0.5199858495859299,0.49282747975558555,0.04058456933196188,-0.7361982845326257,0.046192404615082554,0.949828359780586,True,False,False,False,True,False
-1.348081835066715,-1.67227993145334,1.6873738094215789,-1.2201100009155474,0.35678459068418283,-1.1270315746616348,0.49282747975558555,0.7508145326412946,-0.01443526048103189,-0.5109708833743254,0.949828359780586,False,False,True,False,False,True
1.411726392143188,0.8009830903163183,-0.318952159236613,-0.48997364644588876,-0.825707159529374,0.9490090420974393,0.14365821272227586,1.461044495950627,-0.01443526048103189,0.7186308556367819,-1.0528217963833,False,True,False,True,False,False
-0.09959716085271132,0.5329836169847425,-1.5428630453896734,-1.2201100009155474,0.148109575940614,0.4211496831598564,0.14365821272227586,1.461044495950627,1.429090787622156,-0.7895525273690294,0.949828359780586,False,False,True,True,False,False
-0.1653068805481852,1.254853166119793,-1.0465709558243035,-1.4026440895329622,-0.9648238360250865,-1.5506936955589343,-0.20551105431103384,-0.6696453939773708,-0.7361982845326257,0.13264877688930105,-1.0528217963833,False,False,True,False,True,False
1.6088555512296094,0.5168209559002298,0.019923108955299734,0.057628619406355226,1.4697180026498833,0.7507868557463989,1.1911660138222049,0.7508145326412946,0.7073277635705619,0.3343803121958108,-1.0528217963833,False,True,False,False,True,False
-0.6909846381119762,-1.3439523859342222,0.4084426361822784,1.3353672397282579,-1.3473946963882961,0.4341399720712109,1.1911660138222049,0.04058456933196188,-1.4579613085842196,0.10382998613122821,-1.0528217963833,False,False,True,True,False,False
-0.4938554790255546,0.6267646388588354,-0.4125076473927965,-0.8550418236807181,-0.7561488212815177,-1.2836023584715064,0.14365821272227586,-0.6696453939773708,0.7073277635705619,-0.5782147284764954,0.949828359780586,True,False,False,True,False,False
-1.2166623956757672,0.9020936910543179,-0.05642978944077723,-0.6725077350633034,1.15670548053453,-1.2962489889460527,1.1911660138222049,-0.6696453939773708,-1.4579613085842196,1.2950066707982384,0.949828359780586,False,False,True,False,False,True
0.820338914883923,-0.6380575599640977,1.6518906242765217,-1.2201100009155474,0.3220054215602547,-1.5091797563924891,0.8419967467888952,-0.6696453939773708,-0.01443526048103189,0.03658614102905828,-1.0528217963833,True,False,False,True,False,False
1.6745652709250833,0.9874175065469792,-0.41633316735369086,-0.6725077350633034,1.2610429879063145,-0.8362965371217942,-0.9038495883776532,0.04058456933196188,1.429090787622156,1.2757941436261897,0.949828359780586,True,False,False,True,False,False
0.031822278538236444,0.6173677428794674,-0.23693623129183786,1.1528331511108432,1.7131721865173803,-0.7379414925072526,-1.6021881224442727,1.461044495950627,0.7073277635705619,0.32477404860978654,-1.0528217963833,False,True,False,False,True,False
-0.5595651987210285,1.399941240041235,0.8488989344062494,-1.4026440895329622,1.400159664402027,0.9995268323082624,-1.6021881224442727,-1.3798753572867035,-1.4579613085842196,-0.5590022013044468,0.949828359780586,False,False,True,False,True,False
-1.348081835066715,-1.6401425472039015,-0.6158657084796115,-0.8550418236807181,-0.582252975661877,0.5841812455817242,-1.6021881224442727,0.7508145326412946,-0.7361982845326257,0.8531185458411217,-1.0528217963833,False,True,False,False,True,False
0.6232097557975014,-0.2821031402656379,1.0545740075828285,0.42269679664118454,1.0871471422866739,0.5419799895416624,-1.253018855410963,0.7508145326412946,-0.01443526048103189,-0.9912840626755391,0.949828359780586,False,True,False,False,True,False
0.5575000361020275,1.5858118425131338,-0.6607184425133373,-0.3074395578284741,1.4349388335259552,-1.254597586404884,-1.6021881224442727,-1.3798753572867035,-1.4579613085842196,1.4583131517606511,0.949828359780586,True,False,False,False,True,False
-0.1653068805481852,-1.2099526492684345,-0.5760740008534369,-1.0375759122981327,-1.3821738655122242,-0.4155211470936846,-1.6021881224442727,-1.3798753572867035,-0.7361982845326257,0.2959552578517137,-1.0528217963833,True,False,False,False,True,False
-0.6909846381119762,-0.15618473414210657,-1.0336663884905268,-1.4026440895329622,0.8436929584191768,-0.14980444375348995,0.8419967467888952,-1.3798753572867035,-0.01443526048103189,1.4775256789326996,-1.0528217963833,False,True,False,False,False,True
1.0174680739703446,1.3180003071011457,-0.08933346112638449,-0.12490546921105944,1.121926311410602,0.053160229025504914,0.14365821272227586,-1.3798753572867035,-1.4579613085842196,-1.3563220789444617,-1.0528217963833,False,True,False,False,False,True
1.5431458315341358,-0.6194517059249492,-0.7845770887861028,-0.12490546921105944,0.04377206856882957,1.2774090443114718,0.8419967467888952,0.7508145326412946,-0.7361982845326257,1.07406260831968,0.949828359780586,False,False,True,False,True,False
-0.5595651987210285,0.8786014511058979,0.8678165331149724,-1.5851781781503766,-0.33879879179438,-0.23310724883582729,-0.20551105431103384,-1.3798753572867035,0.7073277635705619,1.5735883147929424,0.949828359780586,True,False,False,False,False,True
-1.0852429562848196,-0.07537142871954179,-1.3440760081536618,1.5179013283456726,1.7131721865173803,0.6309875246750177,1.1911660138222049,0.04058456933196188,0.7073277635705619,-0.6934898915087866,-1.0528217963833,False,False,True,False,False,True
-1.4137915547621889,-0.11258313679783916,-0.9381508901073528,0.24016270802376988,-0.7561488212815177,-0.6453599096310907,-0.20551105431103384,1.461044495950627,-1.4579613085842196,1.352644252314384,-1.0528217963833,True,False,False,False,False,True
-0.29672631993913295,-0.5095080229663435,1.0667785712641082,0.7877649738760139,-1.1734988507686555,1.5398266266583065,0.8419967467888952,-1.3798753572867035,-0.7361982845326257,0.3824116301259322,0.949828359780586,False,False,True,False,False,True
-0.6909846381119762,-0.266504292939887,0.6954371336693989,-1.4026440895329622,0.6697971127995361,1.336587027129865,-1.253018855410963,0.7508145326412946,-0.7361982845326257,1.1317001898358257,0.949828359780586,True,False,False,False,True,False
0.031822278538236444,0.7040071238092406,-0.1902669877798831,0.6052308852585992,1.6436138482695242,-1.0929406577302494,1.5403352808555146,0.04058456933196188,0.7073277635705619,-1.6925413044553113,0.949828359780586,True,False,False,False,False,True
1.1488875133612924,0.18868134830069905,0.4028916072179797,-0.12490546921105944,0.3220054215602547,-0.18355170224806716,0.14365821272227586,0.04058456933196188,-0.7361982845326257,-1.2794719702562674,0.949828359780586,False,True,False,False,False,True
1.346016672447714,-0.39937640208815045,1.0089897697322436,-0.3074395578284741,1.5740555100216678,-0.9681926451688284,1.1911660138222049,0.7508145326412946,1.429090787622156,1.1509127170078741,0.949828359780586,True,False,False,True,False,False
0.6232097557975014,-1.2381433372065385,0.2858894967214195,-1.0375759122981327,1.2262638187823864,0.23220627460264082,1.5403352808555146,0.7508145326412946,-1.4579613085842196,-1.5964786685950685,-1.0528217963833,True,False,False,False,False,True
0.6232097557975014,0.7169748402607684,1.124812374074347,1.5179013283456726,-0.8604863286533021,-0.25991260690687645,-1.6021881224442727,-0.6696453939773708,0.7073277635705619,-0.1651453942774515,0.949828359780586,False,True,False,False,False,True
-1.4795012744576628,-1.2941488372435717,-0.47344646536089635,-0.3074395578284741,0.21766791418847029,-0.6852242883008559,-0.9038495883776532,1.461044495950627,-0.7361982845326257,-1.4812035055627772,-1.0528217963833,False,False,True,False,True,False
-0.29672631993913295,0.34542157323655737,-1.1081712772440127,-1.5851781781503766,0.9480304657909613,1.4849787401436982,-0.9038495883776532,1.461044495950627,1.429090787622156,1.0164250268035344,0.949828359780586,True,False,False,True,False,False
1.5431458315341358,1.2044858036703803,-0.23678923052481352,1.5179013283456726,0.8089137892952487,-1.2393391518105945,-1.253018855410963,0.04058456933196188,1.429090787622156,1.708076004997282,0.949828359780586,False,True,False,False,True,False
0.09753199823371032,-0.6015976035641499,-0.5486688578581913,-0.3074395578284741,0.6350179436756079,1.5151519508954692,0.8419967467888952,-1.3798753572867035,-1.4579613085842196,-1.5964786685950685,-1.0528217963833,True,False,False,False,False,True
-0.6909846381119762,-1.2321293237797428,-1.4521985723183013,-0.6725077350633034,0.11333040681668585,1.1862708268699047,1.1911660138222049,-0.6696453939773708,-0.01443526048103189,-1.2506531794981945,-1.0528217963833,False,False,True,True,False,False
-0.6252749184165024,-1.6895702200553773,1.3991893057252145,1.3353672397282579,-0.8604863286533021,1.4950135664985016,0.49282747975558555,0.04058456933196188,-1.4579613085842196,-0.3860894567560098,-1.0528217963833,False,False,True,False,False,True
-0.822404077502924,-1.027089053509933,-0.9019012009628113,1.5179013283456726,1.5740555100216678,-0.8090100572392135,0.14365821272227586,1.461044495950627,1.429090787622156,-1.6252974593531413,0.949828359780586,True,False,False,False,False,True
-0.822404077502924,-1.4428077316371735,0.9288043513387471,0.9702990624934286,1.3306013261541707,0.733810128968068,1.1911660138222049,1.461044495950627,0.7073277635705619,0.6609932741206361,0.949828359780586,False,True,False,True,False,False
-0.1653068805481852,1.4473015957772493,0.30270008443612756,0.24016270802376988,1.3306013261541707,0.7217820836797767,1.1911660138222049,1.461044495950627,1.429090787622156,-1.2026218615680733,0.949828359780586,False,False,True,False,False,True
-0.36243603963460685,-1.2169063522931667,1.5460535720372832,0.9702990624934286,1.15670548053453,1.4728132314806837,-1.253018855410963,-0.6696453939773708,-1.4579613085842196,-0.9624652719174663,-1.0528217963833,True,False,False,False,False,True
0.820338914883923,1.3734419933794166,-1.570023187106545,-1.2201100009155474,-0.9300446669011584,-1.2206441328482218,0.49282747975558555,1.461044495950627,-0.01443526048103189,0.40162415729798073,-1.0528217963833,True,False,False,False,False,True
0.6889194754929753,0.3048269826056877,0.29647355194716946,1.3353672397282579,-1.2430571890165116,0.1625123436179132,-0.9038495883776532,0.04058456933196188,1.429090787622156,1.3430379887283597,0.949828359780586,False,False,True,True,False,False
0.4917903164065536,-1.4802073776350582,1.6445125857792064,0.24016270802376988,-1.6951863876275775,0.490018833896244,1.1911660138222049,-0.6696453939773708,-0.7361982845326257,1.0836688719057044,-1.0528217963833,True,False,False,True,False,False
1.2803069527522402,-1.575116027026675,-1.5795607368718125,-1.4026440895329622,0.4959012671798954,0.3057491800796217,0.14365821272227586,0.04058456933196188,0.7073277635705619,1.2950066707982384,-1.0528217963833,False,False,True,False,False,True
-1.348081835066715,-0.3003331184656117,1.3893962546267857,-0.3074395578284741,-0.37357796091830814,-0.6834372644294526,0.14365821272227586,1.461044495950627,-0.01443526048103189,-1.51002229632085,0.949828359780586,True,False,False,False,True,False
0.6232097557975014,1.5326254112699111,-1.61132340260385,1.5179013283456726,-0.8604863286533021,1.1532796169363058,1.5403352808555146,1.461044495950627,-0.7361982845326257,-1.125771752879879,0.949828359780586,False,True,False,False,False,True
1.6088555512296094,-0.6645568066259154,1.3645006247257405,1.700435416963087,1.1914846496584584,-0.9426244574702893,0.8419967467888952,-1.3798753572867035,1.429090787622156,1.4391006245886024,-1.0528217963833,False,False,True,True,False,False
0.5575000361020275,-1.629430085787422,1.6315345180619176,0.24016270802376988,1.7131721865173803,-1.1998184315776375,-1.6021881224442727,-0.6696453939773708,-1.4579613085842196,0.3728053665399079,0.949828359780586,False,False,True,False,False,True
1.5431458315341358,-1.2375795234477764,-1.3848897211124815,-1.2201100009155474,0.46112209805596727,-0.2575757295365798,0.14365821272227586,-0.6696453939773708,-1.4579613085842196,-1.5292348234928985,-1.0528217963833,True,False,False,True,False,False
-0.6252749184165024,-1.2800534932745196,-0.0276666393596879,0.24016270802376988,-1.4865113728840087,-0.09420050867790361,-1.6021881224442727,0.04058456933196188,-0.01443526048103189,0.43044294805605354,0.949828359780586,False,True,False,True,False,False
0.8860486345793969,0.16218210163888133,-0.8951531657527433,-1.2201100009155474,0.00899289944490143,-1.6104902635635825,-0.5546803213443435,1.461044495950627,-0.7361982845326257,-0.9432527447454178,-1.0528217963833,False,False,True,True,False,False
-1.348081835066715,-0.6583548552795326,1.5207519400177905,0.7877649738760139,0.3220054215602547,0.8866006699730478,-0.20551105431103384,-1.3798753572867035,-0.01443526048103189,1.4102818338305296,0.949828359780586,True,False,False,False,False,True
-1.0195332365893457,0.9513334259862064,1.555090619191016,1.5179013283456726,0.7741346201713205,0.0035359507503834008,1.1911660138222049,1.461044495950627,1.429090787622156,0.43044294805605354,0.949828359780586,True,False,False,True,False,False
-1.6766304335440845,-0.7526996909123873,-0.16256784325058873,-0.48997364644588876,-0.30401962267045185,-0.11475128319904133,0.8419967467888952,1.461044495950627,-1.4579613085842196,0.305561521437738,0.949828359780586,False,False,True,False,True,False
0.6232097557975014,-0.5681446538775998,1.2213638778632163,-0.8550418236807181,0.9132512966670331,-1.2028426258215508,-0.9038495883776532,-1.3798753572867035,-0.7361982845326257,0.32477404860978654,0.949828359780586,True,False,False,True,False,False
1.2145972330567663,0.1542887090162122,-0.22533017073344236,-1.2201100009155474,-1.0343821742729429,-1.0374054543420246,-0.20551105431103384,0.7508145326412946,-1.4579613085842196,1.5351632604488452,-1.0528217963833,True,False,False,False,False,True
1.4774361118386619,-0.6760210197207445,1.697558862565406,1.1528331511108432,-0.7561488212815177,-0.007942241039014667,0.49282747975558555,0.7508145326412946,-1.4579613085842196,0.2959552578517137,-1.0528217963833,True,False,False,True,False,False
-1.348081835066715,1.0419195032273139,1.155724535368601,-1.0375759122981327,-1.2778363581404397,1.3068262065022642,-0.20551105431103384,0.04058456933196188,-1.4579613085842196,-1.2410469159121704,-1.0528217963833,False,True,False,True,False,False
-0.6252749184165024,1.0080906777015888,-0.03751919076857908,-0.12490546921105944,1.3306013261541707,0.20849384246286667,-0.5546803213443435,0.7508145326412946,-1.4579613085842196,-0.09790154917528157,0.949828359780586,False,True,False,False,True,False
-0.8881137971983979,0.8759703202316746,-1.1680705897881551,1.5179013283456726,0.6697971127995361,1.2317712039033266,0.8419967467888952,0.7508145326412946,1.429090787622156,1.419888097416554,0.949828359780586,False,False,True,False,False,True
-0.23101660024365908,-0.5311208837188899,-0.20285655347003592,1.5179013283456726,1.5740555100216678,1.3271020542739553,-1.253018855410963,-1.3798753572867035,-0.7361982845326257,1.496738206104748,0.949828359780586,False,True,False,False,False,True
0.6889194754929753,0.6605934643845603,1.4915232875077908,-0.12490546921105944,0.5654596054277516,-0.6935408224716173,-0.20551105431103384,-0.6696453939773708,-0.01443526048103189,0.968393708873413,0.949828359780586,True,False,False,False,False,True
-0.4938554790255546,1.5720923743832567,-0.810365223344081,0.057628619406355226,-0.9648238360250865,-0.6660481475269515,-0.5546803213443435,0.04058456933196188,-1.4579613085842196,-0.7127024186808352,0.949828359780586,True,False,False,False,False,True
0.7546291951884491,0.2106700848924202,-0.17489140755279306,0.7877649738760139,-0.16490294617473927,0.6263137699344249,-0.20551105431103384,0.7508145326412946,-0.01443526048103189,-1.020102853433612,0.949828359780586,False,False,True,False,False,True
0.6232097557975014,-1.0691871474975017,1.6633601841226802,-1.5851781781503766,-0.16490294617473927,-0.743989880995079,-0.5546803213443435,0.04058456933196188,-0.7361982845326257,0.1902863584054467,0.949828359780586,False,False,True,True,False,False
0.22895143762465808,-0.8103966322257069,1.7570206728267375,-0.48997364644588876,1.121926311410602,-0.190562334358957,-0.20551105431103384,1.461044495950627,-1.4579613085842196,-1.4139596604606073,-1.0528217963833,False,True,False,False,True,False
-1.6766304335440845,-1.3123788154435456,-1.6029198587556275,-0.12490546921105944,-0.47791546829009257,-0.18032131294206893,-1.6021881224442727,-1.3798753572867035,0.7073277635705619,0.07501119537315538,-1.0528217963833,False,False,True,True,False,False
0.7546291951884491,1.5275510874410523,1.509891383349304,-1.5851781781503766,-0.9300446669011584,0.1981153576712554,-1.6021881224442727,-1.3798753572867035,-1.4579613085842196,-0.3956957203420341,0.949828359780586,False,True,False,False,True,False
-0.36243603963460685,-1.1678545552808657,-0.8316383343434555,0.24016270802376988,-1.2082780198925835,-0.4344223611181423,-1.6021881224442727,1.461044495950627,-1.4579613085842196,-0.5878209920625196,0.949828359780586,True,False,False,False,True,False
-1.348081835066715,-1.5871440538802661,-1.4299524562419563,-0.6725077350633034,-1.3821738655122242,0.7491372952497188,0.49282747975558555,0.04058456933196188,0.7073277635705619,1.1989440349379956,0.949828359780586,True,False,False,True,False,False
1.346016672447714,1.5104487367586026,1.0430344473714204,1.700435416963087,1.121926311410602,0.5292646273797547,-1.6021881224442727,1.461044495950627,-0.7361982845326257,-0.3284518752398642,-1.0528217963833,True,False,False,False,True,False
1.6745652709250833,-0.09923954450713644,-0.6370093188032742,-1.4026440895329622,0.391563759808111,0.33200468465177746,-1.6021881224442727,-0.6696453939773708,-0.01443526048103189,1.352644252314384,-1.0528217963833,True,False,False,False,False,True
0.42608059671107973,-0.3824619893252882,0.6594009456388689,0.057628619406355226,-1.2082780198925835,-0.011859947218629494,0.8419967467888952,1.461044495950627,-0.01443526048103189,0.13264877688930105,-1.0528217963833,False,True,False,False,True,False
1.0831777936658185,0.04434502605760666,0.9899356703112834,-1.2201100009155474,0.878472127543105,-0.06306505430306941,-0.5546803213443435,-1.3798753572867035,-1.4579613085842196,-1.1065592257078305,-1.0528217963833,False,False,True,False,False,True
-0.09959716085271132,0.265923833251104,0.9145662770469645,-0.8550418236807181,-1.2430571890165116,-1.0236591168696916,0.8419967467888952,-1.3798753572867035,-1.4579613085842196,0.9587874452873887,0.949828359780586,False,False,True,True,False,False
-0.9538235168938718,0.8812325819801208,-0.10828255999947016,1.5179013283456726,-0.13012377705081113,-0.8450941931040873,0.49282747975558555,-0.6696453939773708,1.429090787622156,-1.682935040869287,-1.0528217963833,True,False,False,False,True,False
1.0174680739703446,1.549915699871948,-1.516059905535575,-0.3074395578284741,-0.7561488212815177,0.15495185800812994,0.8419967467888952,1.461044495950627,-0.7361982845326257,0.8915436001852188,0.949828359780586,False,False,True,True,False,False
-1.6109207138486106,0.5247143485228988,-0.1336156921833253,-1.0375759122981327,0.5306804363038236,-0.38692876515123226,1.1911660138222049,0.04058456933196188,1.429090787622156,1.6696509506531851,-1.0528217963833,True,False,False,True,False,False
0.9517583542748708,0.007697131738071392,1.0306723828683286,1.1528331511108432,-1.5212905420079368,-0.703850575575867,-0.5546803213443435,-0.6696453939773708,1.429090787622156,-1.0969529621218062,-1.0528217963833,True,False,False,False,True,False
1.1488875133612924,-0.27627706475842967,0.21016310159432672,0.7877649738760139,0.4263429289320391,1.4008511548130214,1.1911660138222049,-0.6696453939773708,-0.7361982845326257,-0.5397896741323982,-1.0528217963833,False,True,False,True,False,False
1.4774361118386619,0.06313881801634266,-1.168151090208192,1.3353672397282579,-0.060565438802954855,0.9536140651506705,-1.6021881224442727,0.04058456933196188,-0.7361982845326257,-0.4437270382721555,-1.0528217963833,False,False,True,False,False,True
1.346016672447714,0.9909883270191391,0.2673498999850444,-0.12490546921105944,-0.582252975661877,0.3089795693856201,-1.253018855410963,-1.3798753572867035,-0.01443526048103189,-1.51002229632085,-1.0528217963833,True,False,False,True,False,False
-1.348081835066715,-0.7297712647227294,-0.38080448197122113,-0.48997364644588876,-0.6518113139097332,1.448619677529378,-1.253018855410963,0.04058456933196188,1.429090787622156,-1.2218343887401217,-1.0528217963833,False,True,False,False,True,False
-0.29672631993913295,-1.58188179213182,-0.8504264323764669,0.7877649738760139,-1.312615527264368,-1.4519949925075843,-0.9038495883776532,1.461044495950627,-0.7361982845326257,1.708076004997282,0.949828359780586,False,False,True,True,False,False
1.0174680739703446,1.5053744129297437,1.0321703906846715,-1.0375759122981327,-1.2082780198925835,0.679305900890268,0.14365821272227586,-1.3798753572867035,1.429090787622156,0.5072930567442477,-1.0528217963833,True,False,False,True,False,False
0.294661157320132,1.0518802129654439,0.09081597886190267,1.5179013283456726,-0.2692404535465237,1.269986022076412,-1.253018855410963,0.7508145326412946,-0.01443526048103189,-0.7223086822668595,0.949828359780586,True,False,False,True,False,False
-0.4938554790255546,0.11256649086781827,-0.049597753792409646,0.6052308852585992,-1.6951863876275775,1.4481385557178463,0.14365821272227586,-1.3798753572867035,-1.4579613085842196,-0.19396418503552432,0.949828359780586,True,False,False,True,False,False
-0.4938554790255546,0.5762093384898356,-0.05428777826413738,-0.12490546921105944,-0.7909279904054458,-1.7065084308078275,1.5403352808555146,0.7508145326412946,-0.01443526048103189,0.32477404860978654,-1.0528217963833,False,False,True,False,True,False
-1.0852429562848196,1.1336332079859455,-0.5134726742106573,-1.2201100009155474,0.9480304657909613,0.29653913397315884,-1.6021881224442727,0.7508145326412946,-1.4579613085842196,-1.1641968072239761,0.949828359780586,False,True,False,False,False,True
0.1632417179291842,-0.32570473760990526,-1.2629980851032319,0.057628619406355226,-1.4517322037600806,-1.5577043276698241,-0.9038495883776532,-0.6696453939773708,-0.7361982845326257,-0.8471901088851751,0.949828359780586,True,False,False,False,True,False
1.1488875133612924,-0.16576956804106202,-0.6813335500793651,1.1528331511108432,-0.5474738065379489,1.5423009674033266,0.14365821272227586,0.7508145326412946,1.429090787622156,-1.7117538316273597,-1.0528217963833,False,True,False,True,False,False
-0.7566943578074501,-0.693499246242369,0.026499643270506176,0.42269679664118454,-0.9996030051490147,0.2907656722347788,1.1911660138222049,0.04058456933196188,0.7073277635705619,0.9011498637712431,-1.0528217963833,False,True,False,False,False,True
1.411726392143188,1.6149422200491748,-1.1046712589815293,-1.5851781781503766,-0.9648238360250865,1.255896026167271,0.49282747975558555,-1.3798753572867035,-0.7361982845326257,0.9972124996314858,-1.0528217963833,False,False,True,False,True,False
-0.5595651987210285,-0.3956176436964032,-0.562276928862727,1.700435416963087,1.365380495278099,-1.7942100638813114,-0.9038495883776532,-0.6696453939773708,-0.01443526048103189,1.6216196327230636,0.949828359780586,True,False,False,False,True,False
0.5575000361020275,-0.5749104189827448,-1.4581136031818984,0.7877649738760139,-1.103940512520799,-1.214252085923587,-1.253018855410963,-1.3798753572867035,1.429090787622156,-1.1641968072239761,-1.0528217963833,False,True,False,False,True,False
-0.4281457593300807,0.6707421120422777,1.4714191826080856,0.057628619406355226,0.9480304657909613,-1.4691091826606388,-0.20551105431103384,-1.3798753572867035,-0.7361982845326257,-0.6262460464066167,-1.0528217963833,False,False,True,False,False,True
0.1632417179291842,0.6532638855206531,0.45921040107960126,-0.8550418236807181,1.2958221570302426,1.4039440807442962,0.8419967467888952,0.04058456933196188,0.7073277635705619,-1.7117538316273597,0.949828359780586,False,False,True,False,True,False
0.5575000361020275,-1.112224931083007,-0.15665631240525402,0.6052308852585992,-0.7909279904054458,-1.363606042560484,0.14365821272227586,0.04058456933196188,1.429090787622156,-0.3764831931699856,0.949828359780586,False,True,False,False,False,True
-1.282372115371241,-0.7568343251433092,0.13540621152594207,-0.8550418236807181,-1.3821738655122242,0.5439044767877892,-1.253018855410963,-0.6696453939773708,1.429090787622156,1.0164250268035344,0.949828359780586,True,False,False,True,False,False
-0.6909846381119762,0.25370786847792576,-0.8743805573649038,0.057628619406355226,-0.19968211529866742,0.20375135603491185,-0.9038495883776532,-0.6696453939773708,-0.7361982845326257,-1.193015597982049,-1.0528217963833,False,False,True,False,True,False
0.7546291951884491,1.5337530387874347,-1.240804469300824,-0.8550418236807181,-1.2082780198925835,-0.7174594496734765,-0.9038495883776532,0.04058456933196188,-0.01443526048103189,-0.0498702312451602,0.949828359780586,False,True,False,True,False,False
-0.36243603963460685,0.043217398540082455,1.067755076359341,-0.6725077350633034,-0.23446128442259556,-1.3888305718222147,-0.9038495883776532,0.7508145326412946,1.429090787622156,0.39201789371195644,0.949828359780586,False,True,False,False,False,True
1.6088555512296094,-1.6423978022389498,-1.4341489781386738,-1.2201100009155474,-0.5126946374140207,1.2044847240207457,-1.6021881224442727,0.04058456933196188,-0.01443526048103189,-0.9048276904013207,0.949828359780586,False,True,False,False,True,False
1.6745652709250833,-1.3463955788888577,-0.702232159124654,-0.3074395578284741,0.878472127543105,1.0710765188517553,0.14365821272227586,-1.3798753572867035,-0.01443526048103189,0.2959552578517137,0.949828359780586,False,False,True,False,True,False
0.36037087701560583,1.6006589381605352,-1.1754136281028453,-1.5851781781503766,1.7131721865173803,0.8721670156270984,1.1911660138222049,1.461044495950627,-0.7361982845326257,-0.09790154917528157,0.949828359780586,False,True,False,False,False,True
0.36037087701560583,0.37229669573755003,-1.0626465397038902,0.42269679664118454,-0.6518113139097332,-0.4186140730249596,0.14365821272227586,1.461044495950627,-0.01443526048103189,0.12304251330327676,0.949828359780586,True,False,False,False,True,False
1.2145972330567663,-1.2528024949343526,0.319542172315198,-0.8550418236807181,-0.9648238360250865,1.2424246154443848,-0.9038495883776532,-1.3798753572867035,-0.01443526048103189,-0.5109708833743254,0.949828359780586,False,False,True,False,True,False
-1.6766304335440845,0.7239285432855008,0.6161512199693604,0.42269679664118454,1.5740555100216678,1.5072478068488775,1.1911660138222049,-0.6696453939773708,1.429090787622156,1.14130645342185,0.949828359780586,True,False,False,False,True,False
-1.282372115371241,-0.7183070516279004,1.326672427344819,1.700435416963087,1.121926311410602,-1.5010694172838128,-1.253018855410963,-0.6696453939773708,1.429090787622156,0.25753020350761663,0.949828359780586,True,False,False,False,True,False
1.346016672447714,0.5978221992423821,-0.050847260312116144,-1.2201100009155474,0.46112209805596727,-1.5406588692041314,0.8419967467888952,0.7508145326412946,-0.01443526048103189,-0.9720715355034906,-1.0528217963833,False,True,False,False,True,False
1.6088555512296094,0.2713740329191376,-0.27699044028769865,-0.3074395578284741,0.5306804363038236,1.5176950233278508,0.14365821272227586,-0.6696453939773708,-1.4579613085842196,-1.5388410870789229,-1.0528217963833,False,False,True,False,True,False
0.7546291951884491,0.7506157278669057,-0.8960456704096766,0.057628619406355226,-0.47791546829009257,1.3756953572386519,-0.9038495883776532,-0.6696453939773708,-1.4579613085842196,0.8915436001852188,0.949828359780586,False,False,True,False,False,True
-1.5452109941531367,-1.2712204110539138,-1.01498329100539,0.7877649738760139,1.6783930173934523,1.3024273785111176,1.5403352808555146,-1.3798753572867035,-0.7361982845326257,0.19989262199147095,-1.0528217963833,False,False,True,False,False,True
0.820338914883923,0.9654287699552584,-0.24422326931432836,-1.2201100009155474,-0.7213696521575895,0.1467727872120919,0.8419967467888952,-1.3798753572867035,-0.01443526048103189,0.1422550404753253,0.949828359780586,True,False,False,False,False,True
0.7546291951884491,1.5470966310781376,0.3525928447678296,-1.4026440895329622,0.8089137892952487,0.5731841756038581,0.14365821272227586,0.04058456933196188,-1.4579613085842196,-1.2218343887401217,0.949828359780586,True,False,False,False,True,False
-0.9538235168938718,0.5901167445393004,1.63627354278932,1.5179013283456726,1.6783930173934523,-1.6043044117010326,-0.20551105431103384,0.04058456933196188,1.429090787622156,0.2287114127495438,-1.0528217963833,False,True,False,False,False,True
0.7546291951884491,0.247130041292368,1.0260768588896878,-1.0375759122981327,1.5392763408977397,1.1846899980605863,-0.5546803213443435,-0.6696453939773708,1.429090787622156,0.20949888557749524,-1.0528217963833,False,True,False,False,False,True
-0.7566943578074501,-0.3146164003542512,0.4505793560443171,1.1528331511108432,0.6697971127995361,0.11976123407895774,-1.6021881224442727,-1.3798753572867035,0.7073277635705619,-0.15553913069142722,0.949828359780586,True,False,False,False,False,True
-0.23101660024365908,0.4341282712817913,0.16151284774580638,0.6052308852585992,1.6088346791455959,0.20918115933648349,0.8419967467888952,1.461044495950627,0.7073277635705619,0.9395749181153401,0.949828359780586,True,False,False,True,False,False
0.294661157320132,-1.354852785270289,-0.5381443029429035,-0.6725077350633034,-0.47791546829009257,0.7406832977042344,1.5403352808555146,0.04058456933196188,-1.4579613085842196,0.7282371192228061,-1.0528217963833,False,False,True,False,False,True
0.8860486345793969,-1.0483260384233046,0.32778821534160923,-1.0375759122981327,-1.5908488802557932,0.34554482706202555,0.8419967467888952,-1.3798753572867035,-0.7361982845326257,0.16146756764737386,0.949828359780586,False,False,True,False,True,False
-0.7566943578074501,-0.38377755476239955,1.5855792782755092,-1.0375759122981327,0.00899289944490143,-1.7322140818810903,0.8419967467888952,-1.3798753572867035,-0.7361982845326257,0.689812064878709,-1.0528217963833,True,False,False,False,False,True
-0.23101660024365908,1.5873153458698328,-0.7163652328685621,-1.5851781781503766,-0.19968211529866742,-1.711388380610506,-0.5546803213443435,1.461044495950627,0.7073277635705619,0.3728053665399079,-1.0528217963833,True,False,False,True,False,False
0.1632417179291842,-1.2129596559818323,-1.514554897682707,0.6052308852585992,-1.4169530346361523,-1.542995746574428,0.14365821272227586,0.7508145326412946,0.7073277635705619,-0.15553913069142722,0.949828359780586,False,True,False,False,True,False
1.5431458315341358,-1.114292248198468,-0.35915686901776084,1.700435416963087,0.7045762819234642,-0.673952291573543,0.49282747975558555,1.461044495950627,1.429090787622156,0.9011498637712431,-1.0528217963833,False,True,False,False,True,False
1.2145972330567663,0.658338209349512,-1.4416950175125884,-1.0375759122981327,0.7741346201713205,-0.3801930597897892,-1.6021881224442727,0.7508145326412946,1.429090787622156,-1.2506531794981945,0.949828359780586,True,False,False,False,True,False
0.294661157320132,0.4121395346900704,-1.6449025778141166,-0.6725077350633034,-0.23446128442259556,-0.476898543907651,-0.9038495883776532,1.461044495950627,0.7073277635705619,0.4976867931582235,-1.0528217963833,False,True,False,True,False,False
-1.6766304335440845,1.5115763642761268,1.743633102972738,0.42269679664118454,-1.1734988507686555,0.48032766597824955,0.8419967467888952,0.7508145326412946,-0.7361982845326257,-1.6733287772832628,0.949828359780586,False,False,True,False,True,False
-1.4795012744576628,-0.025567880028891262,-0.7844265880008159,0.057628619406355226,-0.6518113139097332,-1.4452592871461412,-1.6021881224442727,-1.3798753572867035,-0.01443526048103189,1.6888634778252336,0.949828359780586,False,True,False,True,False,False
-0.9538235168938718,-0.48620372093751085,-1.0160017963197727,-1.0375759122981327,-0.47791546829009257,-1.431169291237,0.49282747975558555,0.04058456933196188,-0.7361982845326257,0.5745369018464177,0.949828359780586,False,False,True,False,False,True
-1.2166623956757672,-0.7733728620669971,-0.155966808807545,-1.5851781781503766,-0.4431362991661644,-1.582516466807385,-1.6021881224442727,-0.6696453939773708,0.7073277635705619,-0.0018389133150388203,0.949828359780586,False,True,False,False,True,False
-1.348081835066715,-0.4600803501148678,-0.8091367169339492,-1.5851781781503766,-0.13012377705081113,-1.4471837743922678,-0.5546803213443435,-0.6696453939773708,-0.01443526048103189,0.25753020350761663,0.949828359780586,False,False,True,False,False,True
-0.1653068805481852,1.0979250032643468,-0.6466448690798913,0.7877649738760139,0.7393554510473924,0.6751132679612064,1.1911660138222049,1.461044495950627,-1.4579613085842196,1.6504384234811365,-1.0528217963833,True,False,False,False,True,False
1.4774361118386619,1.6017865656780592,0.68563008249792,1.1528331511108432,-1.6951863876275775,1.0146478035278288,-0.5546803213443435,0.7508145326412946,-1.4579613085842196,0.6225682197765391,-1.0528217963833,False,False,True,True,False,False
-0.4281457593300807,-0.8222367211597106,0.935013383736393,0.057628619406355226,-0.47791546829009257,-1.2223624250322633,-0.5546803213443435,0.7508145326412946,1.429090787622156,0.3439865757818351,0.949828359780586,False,False,True,False,True,False
-1.348081835066715,-0.6938751220815437,1.236259955588346,-1.5851781781503766,1.0175888040388175,0.7646019249060934,1.5403352808555146,-1.3798753572867035,-0.7361982845326257,1.2565816164541412,-1.0528217963833,False,True,False,False,True,False
-0.36243603963460685,-0.3708098383108718,0.5672769649520413,-1.5851781781503766,1.1914846496584584,0.34891267974274714,0.49282747975558555,0.04058456933196188,0.7073277635705619,-0.7895525273690294,-1.0528217963833,False,False,True,False,False,True
-0.1653068805481852,-0.36761489367788663,0.8985536934961025,0.9702990624934286,0.6697971127995361,-0.20011603890222845,0.14365821272227586,-0.6696453939773708,-0.01443526048103189,0.7282371192228061,0.949828359780586,True,False,False,False,False,True
-1.6766304335440845,1.5288666528781636,-1.1108172910504504,1.5179013283456726,1.4697180026498833,0.3772301349357529,0.49282747975558555,0.04058456933196188,-0.01443526048103189,-1.5964786685950685,0.949828359780586,False,True,False,False,False,True
1.6088555512296094,-1.5816938542122327,0.007645044890507715,-0.12490546921105944,-1.1734988507686555,0.8826829637934329,0.49282747975558555,-1.3798753572867035,-0.7361982845326257,1.4487068881746268,-1.0528217963833,False,True,False,False,True,False
-0.033887441157237436,-0.9904411591903979,-0.07344687823297187,-0.48997364644588876,-0.9648238360250865,0.5188174109007814,-1.6021881224442727,-0.6696453939773708,-0.01443526048103189,-1.1353780164659033,-1.0528217963833,False,True,False,True,False,False
-0.36243603963460685,-0.9575520232626098,-1.302278790063084,1.5179013283456726,0.3220054215602547,-0.42693060719572107,-0.20551105431103384,-1.3798753572867035,0.7073277635705619,0.7954809643249761,0.949828359780586,True,False,False,False,True,False
0.4917903164065536,-1.5258762920947866,1.2951232627267932,1.5179013283456726,1.5044971717738116,-1.4452592871461412,-1.6021881224442727,0.7508145326412946,1.429090787622156,-0.3668769295839613,-1.0528217963833,True,False,False,False,False,True
1.346016672447714,0.7064503167638763,-0.557737405176286,0.7877649738760139,1.5740555100216678,0.8394507324429462,0.49282747975558555,-0.6696453939773708,1.429090787622156,0.23831767633556805,-1.0528217963833,False,True,False,False,True,False
1.346016672447714,-0.6735778267661088,-1.290725229778626,-1.2201100009155474,-0.13012377705081113,-1.537016089773963,-0.5546803213443435,0.04058456933196188,-0.01443526048103189,-0.8183713181271022,-1.0528217963833,False,False,True,False,False,True
-1.0852429562848196,1.0830779076169457,-1.0454509499803089,1.3353672397282579,-0.9648238360250865,-0.5328461374200459,-0.20551105431103384,-1.3798753572867035,-0.7361982845326257,-1.57726614142302,-1.0528217963833,False,False,True,False,True,False
-0.4938554790255546,1.417419466562859,-1.386716730645498,-0.6725077350633034,-1.5908488802557932,-0.3723576474305593,0.14365821272227586,-1.3798753572867035,-0.01443526048103189,1.5928008419649908,-1.0528217963833,True,False,False,False,False,True
-0.09959716085271132,1.463840132700937,0.5946016075272497,-0.48997364644588876,-0.9300446669011584,0.4227305119691748,-1.6021881224442727,-0.6696453939773708,1.429090787622156,1.0836688719057044,-1.0528217963833,False,False,True,True,False,False
1.4774361118386619,0.25934600606554653,1.0715840963384982,-1.0375759122981327,-0.02578626967902671,-0.594292265921374,1.1911660138222049,0.04058456933196188,1.429090787622156,0.8146934914970245,0.949828359780586,False,True,False,False,True,False
1.4774361118386619,0.09753145730082952,-1.391399755080701,-0.48997364644588876,1.0175888040388175,-1.4918593711773498,0.49282747975558555,0.04058456933196188,0.7073277635705619,0.27674273067966515,0.949828359780586,False,False,True,False,True,False
-1.0852429562848196,-1.5232451612205635,1.7097774263197356,1.700435416963087,-0.7909279904054458,0.8476985349263458,0.14365821272227586,0.7508145326412946,-1.4579613085842196,-1.4812035055627772,-1.0528217963833,True,False,False,True,False,False
-0.6252749184165024,-1.3811640940125192,-1.1586135404429245,1.5179013283456726,-1.4169530346361523,1.2638001702138624,0.8419967467888952,0.04058456933196188,-0.7361982845326257,1.4679194153466752,0.949828359780586,True,False,False,True,False,False
-1.6109207138486106,-0.4694772460942358,1.6697827176343367,-0.12490546921105944,-0.30401962267045185,-0.5570396913713517,-0.5546803213443435,-0.6696453939773708,0.7073277635705619,1.1989440349379956,-1.0528217963833,False,False,True,False,True,False
-1.5452109941531367,-1.4756968675649613,0.3052900979503652,0.057628619406355226,0.5654596054277516,1.2286095462846902,-0.5546803213443435,-1.3798753572867035,0.7073277635705619,1.1124876626637772,0.949828359780586,True,False,False,True,False,False
0.1632417179291842,-0.8164106456525023,-1.1190668340951238,1.1528331511108432,-1.1387196816447271,-1.7575073428301828,0.14365821272227586,0.7508145326412946,0.7073277635705619,-0.25160176655167,-1.0528217963833,False,True,False,False,True,False
-0.09959716085271132,-1.3864263557609653,0.19063649970793142,0.42269679664118454,-1.5908488802557932,-0.09090138768454359,0.14365821272227586,1.461044495950627,-0.7361982845326257,0.28634899426568944,-1.0528217963833,True,False,False,True,False,False
-1.2166623956757672,1.6401259012738811,0.8995231985548103,0.42269679664118454,-1.312615527264368,-0.9915614188717942,-1.6021881224442727,-0.6696453939773708,-1.4579613085842196,0.7666621735669032,-1.0528217963833,False,True,False,True,False,False
0.294661157320132,-0.03120601761651201,-0.8492539262585349,-1.0375759122981327,-1.1387196816447271,0.8120955208730036,-0.9038495883776532,0.04058456933196188,-0.7361982845326257,-0.05947649483118447,0.949828359780586,False,True,False,False,False,True
-0.1653068805481852,0.09584001602454321,1.5456580699736229,-1.5851781781503766,0.4263429289320391,-1.0248275555548398,-1.6021881224442727,0.7508145326412946,-0.01443526048103189,-1.2218343887401217,0.949828359780586,False,False,True,False,False,True
1.6745652709250833,-0.06898153945357148,-1.6053033711923785,-1.0375759122981327,-0.19968211529866742,1.0446148192175142,-1.6021881224442727,1.461044495950627,1.429090787622156,-0.9624652719174663,0.949828359780586,True,False,False,False,False,True
-1.6766304335440845,-1.5999238324122067,-1.3170593671855517,1.5179013283456726,-0.02578626967902671,1.3512268765378994,-0.9038495883776532,-0.6696453939773708,-0.01443526048103189,0.05579866820110683,-1.0528217963833,False,False,True,False,False,True
1.6745652709250833,-1.1289514059262822,1.6581696570394164,1.700435416963087,-0.2692404535465237,-1.3349449289306698,1.5403352808555146,-0.6696453939773708,1.429090787622156,1.0260312903895585,-1.0528217963833,False,True,False,False,False,True
1.6745652709250833,1.4692903323689708,1.0988072383840946,0.057628619406355226,-0.825707159529374,-0.6560820528595102,0.49282747975558555,0.7508145326412946,1.429090787622156,0.9587874452873887,0.949828359780586,True,False,False,False,True,False
-0.1653068805481852,1.047369702895347,1.2777176719074623,0.24016270802376988,0.9480304657909613,-0.6519581516178102,0.14365821272227586,0.04058456933196188,-0.7361982845326257,0.689812064878709,0.949828359780586,True,False,False,False,True,False
1.6745652709250833,1.5997192485625986,-0.20273055281258665,-1.5851781781503766,0.28722625243632655,-0.5507851078214403,0.8419967467888952,-1.3798753572867035,-0.01443526048103189,1.1220939262498013,0.949828359780586,False,True,False,False,False,True
-1.348081835066715,1.508193481723554,-0.48612003148934907,0.24016270802376988,1.6088346791455959,1.388341987713198,-0.20551105431103384,1.461044495950627,-0.7361982845326257,1.563982051206918,0.949828359780586,False,True,False,False,False,True
-0.033887441157237436,-0.7620965868917553,-0.4998506031330718,-1.5851781781503766,0.9828096349148894,-1.5563984256099526,1.1911660138222049,0.04058456933196188,0.7073277635705619,-1.7117538316273597,0.949828359780586,False,False,True,False,False,True
1.1488875133612924,-0.6607980482341682,-1.6205179505793943,-1.0375759122981327,0.35678459068418283,-0.11530113669793454,1.5403352808555146,-0.6696453939773708,-0.01443526048103189,0.06540493178713111,-1.0528217963833,True,False,False,True,False,False
-0.4938554790255546,1.1591927650498266,1.5939828221237322,-0.8550418236807181,-0.30401962267045185,-0.8602151643236536,-0.20551105431103384,0.04058456933196188,-0.01443526048103189,0.6994183284647333,-1.0528217963833,False,True,False,False,False,True
1.346016672447714,-1.3277897248497093,1.7216844884487046,-0.8550418236807181,0.878472127543105,0.7742930928240882,0.8419967467888952,0.7508145326412946,-0.01443526048103189,-1.1449842800519276,-1.0528217963833,False,False,True,False,False,True
-0.6909846381119762,-0.7562705113845474,0.864113513793265,-1.2201100009155474,1.0523679731627458,0.15412707775978995,-1.6021881224442727,-0.6696453939773708,-0.7361982845326257,-1.6156911957671172,-1.0528217963833,True,False,False,False,False,True
1.411726392143188,-0.13757888010295802,-0.7356223333487463,-1.4026440895329622,-0.8952654977772303,0.3232757603568462,-0.20551105431103384,0.04058456933196188,-0.01443526048103189,0.7282371192228061,-1.0528217963833,True,False,False,False,True,False
1.6088555512296094,-0.7008288251062761,-1.1324124037299734,-0.48997364644588876,0.2524470833123984,1.061110424184314,-1.6021881224442727,-0.6696453939773708,1.429090787622156,1.5928008419649908,0.949828359780586,False,False,True,False,True,False
0.031822278538236444,0.3350849876592524,1.0811006459941908,-0.8550418236807181,1.3306013261541707,1.3422230254935212,0.49282747975558555,-0.6696453939773708,-0.7361982845326257,0.046192404615082554,0.949828359780586,False,True,False,True,False,False
1.2145972330567663,-1.6604398425193365,-0.7526849223783532,-1.2201100009155474,1.5044971717738116,0.027110919515434345,1.1911660138222049,-0.6696453939773708,0.7073277635705619,-1.3755346061165101,0.949828359780586,True,False,False,False,True,False
0.4917903164065536,0.5884253032630141,1.3484005407183164,-0.3074395578284741,1.0175888040388175,0.811202008937302,0.14365821272227586,0.7508145326412946,0.7073277635705619,-1.0008903262615634,0.949828359780586,True,False,False,False,False,True
0.22895143762465808,1.624902929787305,0.4028846071814546,-1.5851781781503766,-1.103940512520799,0.899109837072871,-1.6021881224442727,-1.3798753572867035,1.429090787622156,-1.3851408697025345,0.949828359780586,False,False,True,False,True,False
0.5575000361020275,-1.0445672800315575,-1.5983593349596112,0.6052308852585992,0.11333040681668585,-0.7813799189198245,-0.9038495883776532,-0.6696453939773708,-1.4579613085842196,-0.6742773643367381,0.949828359780586,False,False,True,False,True,False
-1.0852429562848196,-0.7166156103516141,0.42458122039058954,-0.48997364644588876,-1.6951863876275775,-0.4776545924686294,-0.20551105431103384,0.04058456933196188,-0.01443526048103189,-1.3275032881863889,0.949828359780586,True,False,False,False,False,True
-0.8881137971983979,-0.7299592026423168,1.0839006606041774,-0.12490546921105944,0.46112209805596727,1.3304699069546768,0.14365821272227586,-1.3798753572867035,-0.01443526048103189,1.1701252441799228,-1.0528217963833,False,True,False,False,False,True
0.09753199823371032,-1.0768926022005836,-1.0859006610398303,1.3353672397282579,0.4959012671798954,-1.7952410391917366,-0.5546803213443435,1.461044495950627,-0.01443526048103189,-0.2708142937237185,-1.0528217963833,False,True,False,True,False,False
-1.1509526759802935,-0.9761578773017585,-0.36049737601229204,0.057628619406355226,0.2524470833123984,-0.7397285163786558,0.14365821272227586,-1.3798753572867035,-0.01443526048103189,-0.3092393480678156,0.949828359780586,False,False,True,False,True,False
0.36037087701560583,0.8733391893574518,0.8313463428198946,0.9702990624934286,1.2262638187823864,0.9127187111704803,0.14365821272227586,0.04058456933196188,0.7073277635705619,1.631225896309088,0.949828359780586,True,False,False,False,True,False
-0.29672631993913295,-0.6718863854898225,0.7376718540427867,1.5179013283456726,1.2610429879063145,0.7814411883097014,-0.20551105431103384,-1.3798753572867035,0.7073277635705619,-0.357270665997937,0.949828359780586,False,True,False,False,False,True
-0.4938554790255546,-0.9551088303079741,0.5865725656331127,-0.3074395578284741,-0.13012377705081113,-1.6570216159074294,0.14365821272227586,1.461044495950627,1.429090787622156,-1.020102853433612,0.949828359780586,False,False,True,True,False,False
0.8860486345793969,1.0733051357984027,-0.11017256986121111,-1.4026440895329622,-1.2430571890165116,0.8532658016026407,-0.5546803213443435,-1.3798753572867035,1.429090787622156,0.7282371192228061,0.949828359780586,True,False,False,False,True,False
-1.348081835066715,-1.6803612619955968,-0.3471868065600673,1.1528331511108432,-0.095344607926883,-0.0777049037111039,0.8419967467888952,1.461044495950627,-0.01443526048103189,0.7090245920507575,0.949828359780586,True,False,False,False,False,True
0.22895143762465808,0.9101750215965746,-1.1902817056818753,0.057628619406355226,0.2524470833123984,-1.0007714649782573,-0.9038495883776532,-1.3798753572867035,-0.7361982845326257,0.46886800240015064,-1.0528217963833,True,False,False,False,False,True
1.6745652709250833,0.6540156371990029,-0.10787305786275957,-0.48997364644588876,-1.1734988507686555,-1.6688434661336355,0.49282747975558555,-1.3798753572867035,-0.01443526048103189,-1.4235659240466316,0.949828359780586,False,True,False,False,False,True
-0.822404077502924,1.1014958237365067,0.3727704500510467,0.9702990624934286,-1.5908488802557932,-1.1123917252536004,-1.6021881224442727,-0.6696453939773708,-1.4579613085842196,-0.5397896741323982,-1.0528217963833,True,False,False,True,False,False
-0.36243603963460685,1.3119862936743503,1.4487040640845679,1.1528331511108432,1.5044971717738116,0.42307417040598283,-0.20551105431103384,1.461044495950627,-1.4579613085842196,-0.8760088996432479,0.949828359780586,False,False,True,False,True,False
0.36037087701560583,1.1184102364993693,0.9155952824161344,-0.12490546921105944,0.21766791418847029,-1.5645774964059906,0.49282747975558555,-0.6696453939773708,-1.4579613085842196,-0.8856151632292721,-1.0528217963833,False,True,False,True,False,False
1.1488875133612924,-0.270263051331634,-0.7727015268214962,0.6052308852585992,-1.069161343396871,-0.4333913858077175,1.5403352808555146,1.461044495950627,1.429090787622156,-0.18435792144950006,0.949828359780586,True,False,False,True,False,False
1.6088555512296094,0.6698024224443406,0.8817361057448694,-1.0375759122981327,0.391563759808111,-0.7697642637557032,0.14365821272227586,-0.6696453939773708,1.429090787622156,-0.8183713181271022,0.949828359780586,True,False,False,False,True,False
-1.1509526759802935,1.460269312228777,0.16889788627964664,1.5179013283456726,1.6088346791455959,-1.0980955342823742,1.5403352808555146,0.04058456933196188,-1.4579613085842196,-1.5484473506649472,0.949828359780586,False,False,True,False,False,True
-1.2166623956757672,0.9723824729799908,-0.012697061251046226,-1.0375759122981327,-0.6170321447858051,-1.4108247117779473,0.8419967467888952,0.04058456933196188,-0.7361982845326257,0.7378433828088303,0.949828359780586,False,True,False,False,True,False
-1.348081835066715,0.060883562981294256,-0.2100140908168149,1.700435416963087,-0.2692404535465237,0.9237157811483467,0.49282747975558555,0.7508145326412946,-1.4579613085842196,0.689812064878709,-1.0528217963833,True,False,False,True,False,False
-0.8881137971983979,0.5083637495187988,1.3402419981484677,-0.3074395578284741,0.9132512966670331,-0.9215238294502581,1.5403352808555146,1.461044495950627,0.7073277635705619,-0.02105144048708737,0.949828359780586,False,False,True,True,False,False
0.09753199823371032,0.7765511607699613,0.2848989915531367,1.3353672397282579,-1.3821738655122242,-0.5659060790410065,0.49282747975558555,-1.3798753572867035,0.7073277635705619,-0.9336464811593935,0.949828359780586,False,True,False,False,True,False
-1.6766304335440845,1.2760901510331646,0.8513629472630379,-0.8550418236807181,-0.5474738065379489,-1.544645307071108,-0.20551105431103384,1.461044495950627,0.7073277635705619,-1.0008903262615634,0.949828359780586,False,True,False,False,True,False
0.6232097557975014,-0.8626433738709931,0.9385239020536638,0.7877649738760139,0.2524470833123984,-1.0547945712445257,-0.20551105431103384,0.7508145326412946,0.7073277635705619,-1.4619909783907286,-1.0528217963833,True,False,False,False,False,True
0.09753199823371032,1.5237923290493047,-0.6538094064631949,-0.48997364644588876,1.0871471422866739,0.8172503974251285,1.5403352808555146,1.461044495950627,1.429090787622156,-0.8567963724711993,0.949828359780586,False,True,False,False,False,True
0.42608059671107973,-0.5284897528446669,0.3767989710711653,0.42269679664118454,0.6697971127995361,0.18993628687521735,0.8419967467888952,-0.6696453939773708,-0.01443526048103189,0.5265055839162963,0.949828359780586,False,True,False,True,False,False
-1.2166623956757672,-1.202998946243702,1.5035143500750594,-0.48997364644588876,-1.4865113728840087,-1.432956315108403,-0.5546803213443435,1.461044495950627,0.7073277635705619,0.026979877443034005,0.949828359780586,False,False,True,True,False,False
1.1488875133612924,-0.18851005631113246,-0.027001635889816165,-0.6725077350633034,0.9132512966670331,-0.1388073737756237,-0.5546803213443435,-1.3798753572867035,-0.7361982845326257,1.6696509506531851,0.949828359780586,False,False,True,True,False,False
-0.9538235168938718,1.2676329446517332,-1.3727656578512388,0.6052308852585992,1.6436138482695242,1.3007778180144378,0.14365821272227586,-0.6696453939773708,0.7073277635705619,1.3142191979702869,0.949828359780586,True,False,False,False,False,True
-0.1653068805481852,-1.6948324818038234,-0.7133412170897765,0.057628619406355226,-1.4169530346361523,-1.1185088454287884,-0.20551105431103384,1.461044495950627,-0.7361982845326257,0.2287114127495438,0.949828359780586,False,True,False,True,False,False
0.09753199823371032,-1.0992572146314794,1.6136459247223645,-0.12490546921105944,1.0523679731627458,1.1096349954616491,1.1911660138222049,-1.3798753572867035,0.7073277635705619,-0.09790154917528157,-1.0528217963833,True,False,False,False,True,False
1.2803069527522402,0.6737491187556753,0.6791760488219005,1.5179013283456726,0.35678459068418283,1.189501216175903,0.14365821272227586,0.7508145326412946,1.429090787622156,-0.4245145111001069,0.949828359780586,False,False,True,True,False,False
-1.4137915547621889,-1.7068605086574145,1.1631410740668036,-0.12490546921105944,-1.4865113728840087,1.1244123082444069,0.14365821272227586,0.04058456933196188,-1.4579613085842196,-0.2708142937237185,-1.0528217963833,True,False,False,False,True,False
0.1632417179291842,-1.6942686680450614,-1.6808092651689348,0.6052308852585992,1.1914846496584584,-0.24699104968288355,-0.20551105431103384,1.461044495950627,-0.01443526048103189,-1.231440652326146,-1.0528217963833,False,True,False,False,False,True
-1.282372115371241,0.6468739962546828,-0.2231741594837526,-0.8550418236807181,1.4697180026498833,-0.2896046958471154,1.5403352808555146,-1.3798753572867035,0.7073277635705619,1.6024071055510152,0.949828359780586,True,False,False,True,False,False
-1.348081835066715,-0.11897302606380919,0.4119706545908617,0.057628619406355226,-1.2778363581404397,1.467383428179112,1.1911660138222049,1.461044495950627,1.429090787622156,-0.14593286710540296,0.949828359780586,True,False,False,True,False,False
-0.09959716085271132,-1.394507686303222,-0.25639983284950835,0.057628619406355226,-1.2778363581404397,-1.2607147065800721,-1.6021881224442727,1.461044495950627,-1.4579613085842196,0.16146756764737386,-1.0528217963833,True,False,False,False,True,False
0.6232097557975014,-1.2804293691136945,-0.2840394770683405,0.057628619406355226,-0.582252975661877,-0.7175969130482,0.14365821272227586,0.04058456933196188,-0.7361982845326257,-1.0297091170196362,0.949828359780586,False,False,True,False,False,True
0.820338914883923,-0.08984264852776844,0.9634510321190712,-1.4026440895329622,-0.8952654977772303,-0.4594406953177883,0.8419967467888952,0.04058456933196188,-0.7361982845326257,-0.2996330844817914,-1.0528217963833,True,False,False,False,True,False
1.0174680739703446,0.2024008164305764,-0.8777230748055754,-1.4026440895329622,-0.02578626967902671,-0.285412062918054,-1.6021881224442727,1.461044495950627,-0.7361982845326257,1.1893377713519713,-1.0528217963833,False,True,False,False,True,False
0.7546291951884491,0.09170538179362131,-0.8186357664983295,0.6052308852585992,-0.6518113139097332,-1.6054041186988193,-0.20551105431103384,1.461044495950627,-0.01443526048103189,-0.3092393480678156,-1.0528217963833,False,False,True,False,False,True
-1.2166623956757672,0.5342991824218545,-0.6108991825651475,-0.48997364644588876,1.0175888040388175,-1.7461666144155081,-1.253018855410963,1.461044495950627,-0.01443526048103189,-0.6646711007507138,0.949828359780586,False,False,True,True,False,False
-0.033887441157237436,0.7716647748606902,0.9389229041355867,1.5179013283456726,-1.069161343396871,0.5206731664595466,-0.9038495883776532,-1.3798753572867035,-1.4579613085842196,0.19989262199147095,0.949828359780586,False,True,False,False,True,False
0.1632417179291842,1.3721264279423053,-1.2364784467283947,-0.3074395578284741,-1.3473946963882961,-1.3450484869728343,-0.20551105431103384,-1.3798753572867035,0.7073277635705619,-0.3188456116538399,-1.0528217963833,True,False,False,False,True,False
0.42608059671107973,-0.12404734989266811,-0.323526683105679,-1.5851781781503766,-0.7909279904054458,0.46431318282298145,0.49282747975558555,-0.6696453939773708,-0.7361982845326257,-0.9240402175733693,0.949828359780586,False,True,False,True,False,False
1.5431458315341358,-1.1565782801056241,1.103574263257597,-0.12490546921105944,-1.0343821742729429,-1.152805957422259,-1.6021881224442727,-1.3798753572867035,0.7073277635705619,0.7570559099808789,0.949828359780586,False,False,True,False,False,True
0.6889194754929753,0.8073729795822886,-1.6315780082888418,1.3353672397282579,0.6697971127995361,0.9835810808403563,-0.20551105431103384,0.04058456933196188,1.429090787622156,1.2373690892820928,-1.0528217963833,False,True,False,True,False,False
-1.4795012744576628,-1.2571250670848617,-1.0908706869725568,-0.12490546921105944,0.9132512966670331,1.1144462135769655,-0.5546803213443435,1.461044495950627,-0.01443526048103189,1.2661878800401656,-1.0528217963833,False,True,False,False,False,True
-0.4281457593300807,1.3640450974000486,-0.754970434303755,0.7877649738760139,1.3306013261541707,0.13859371641605384,0.8419967467888952,-1.3798753572867035,-1.4579613085842196,-0.5878209920625196,-1.0528217963833,False,True,False,True,False,False
0.820338914883923,1.1422783522869642,1.2680821216308458,-0.3074395578284741,0.11333040681668585,1.1314916720426584,-0.9038495883776532,-0.6696453939773708,-1.4579613085842196,-0.5397896741323982,0.949828359780586,True,False,False,True,False,False
-0.4281457593300807,0.2422436553830968,0.9760160976813868,-0.3074395578284741,-1.5560697111318649,1.0919709518097014,0.8419967467888952,0.04058456933196188,0.7073277635705619,-1.2122281251540976,0.949828359780586,False,False,True,False,False,True
0.6889194754929753,0.9870416307078049,-1.4415060165264142,0.7877649738760139,-0.4431362991661644,0.6409536193424594,-1.6021881224442727,0.7508145326412946,-1.4579613085842196,-0.8952214268152964,0.949828359780586,False,False,True,False,False,True
1.6088555512296094,0.08099292037714192,-1.6887788067526095,0.6052308852585992,0.6002387745516798,1.3776198444847787,1.1911660138222049,0.7508145326412946,-0.7361982845326257,1.3430379887283597,0.949828359780586,False,False,True,False,False,True
-0.6252749184165024,-0.7910390265082089,0.8818201061831689,0.7877649738760139,1.0523679731627458,-0.7894215263411392,0.14365821272227586,-0.6696453939773708,1.429090787622156,-0.5590022013044468,-1.0528217963833,False,True,False,True,False,False
-1.0852429562848196,-0.6850420398609378,1.2250108968927242,-0.12490546921105944,0.8436929584191768,-0.805642204558492,-1.6021881224442727,1.461044495950627,-0.01443526048103189,-1.7117538316273597,-1.0528217963833,True,False,False,False,False,True
-1.2166623956757672,-1.1411673706994605,-1.092081693291376,-1.5851781781503766,0.2524470833123984,0.317021176806935,-1.6021881224442727,-0.6696453939773708,0.7073277635705619,-0.9432527447454178,-1.0528217963833,False,False,True,True,False,False
-0.5595651987210285,-1.3401936275424748,-0.07418538208635608,-0.6725077350633034,1.4349388335259552,-1.78589352971055,1.1911660138222049,-0.6696453939773708,-0.01443526048103189,-0.5397896741323982,0.949828359780586,False,True,False,False,True,False
-1.5452109941531367,0.7776787882874855,-0.5230627242498621,-1.0375759122981327,-0.16490294617473927,0.8317527834584397,1.1911660138222049,0.04058456933196188,0.7073277635705619,1.0548500811476316,0.949828359780586,False,False,True,True,False,False
0.09753199823371032,0.0229201032246476,-0.4845940235269062,0.24016270802376988,0.6350179436756079,0.18993628687521735,-0.9038495883776532,1.461044495950627,-0.01443526048103189,1.5063444696907724,-1.0528217963833,False,False,True,False,False,True
-1.1509526759802935,-1.2075094563137987,0.5857920615605787,-1.0375759122981327,-1.1734988507686555,-1.1953508718991293,-0.20551105431103384,0.7508145326412946,-1.4579613085842196,0.03658614102905828,-1.0528217963833,False,False,True,True,False,False
-1.4795012744576628,-1.3828555352888057,1.6325845235406629,-0.12490546921105944,1.2958221570302426,0.4989539532532605,-0.9038495883776532,0.7508145326412946,-0.01443526048103189,-1.2122281251540976,0.949828359780586,True,False,False,False,True,False
0.1632417179291842,-1.6145829901400208,-0.6982981385976225,-1.4026440895329622,1.2610429879063145,0.3241692722925478,0.8419967467888952,-0.6696453939773708,0.7073277635705619,-0.8952214268152964,-1.0528217963833,False,False,True,False,False,True
-1.4795012744576628,0.7312581221494077,1.6310165153590697,0.9702990624934286,0.5654596054277516,-1.6537224949140694,-0.5546803213443435,0.7508145326412946,-0.01443526048103189,-0.8856151632292721,-1.0528217963833,True,False,False,True,False,False
-1.4795012744576628,1.3471306846371867,0.25832335288609953,-1.4026440895329622,0.9480304657909613,-0.48191595708505264,1.5403352808555146,0.04058456933196188,1.429090787622156,0.3343803121958108,0.949828359780586,True,False,False,False,False,True
1.2145972330567663,-1.7128745220842099,-1.260341571242007,-1.4026440895329622,-1.312615527264368,-1.6149578232420907,1.5403352808555146,-0.6696453939773708,-0.01443526048103189,-1.5196285599068744,0.949828359780586,True,False,False,False,True,False
0.42608059671107973,-1.4512649380186047,0.7845720987600653,0.7877649738760139,0.4263429289320391,1.451712603460653,1.1911660138222049,-0.6696453939773708,0.7073277635705619,1.1893377713519713,0.949828359780586,False,True,False,False,False,True
1.6745652709250833,0.3559460967334496,0.3179321639144555,-1.0375759122981327,1.15670548053453,-1.164696539335827,0.49282747975558555,0.7508145326412946,-1.4579613085842196,1.0932751354917285,-1.0528217963833,False,True,False,False,False,True
-0.36243603963460685,-1.2110802767859588,-0.895730668766053,0.42269679664118454,1.5392763408977397,0.7633647545335838,-0.9038495883776532,1.461044495950627,-1.4579613085842196,-0.07868902200323302,0.949828359780586,True,False,False,False,False,True
-1.4137915547621889,-1.6014273357689053,1.3685956460928463,-0.12490546921105944,-1.4865113728840087,1.49247049406612,-0.20551105431103384,-1.3798753572867035,-0.7361982845326257,0.5553243746743691,-1.0528217963833,False,False,True,False,True,False
-1.6109207138486106,0.8789773269450729,0.5966491182108027,0.6052308852585992,1.7131721865173803,0.9323072420685548,0.49282747975558555,1.461044495950627,-1.4579613085842196,-1.020102853433612,-1.0528217963833,False,False,True,True,False,False
1.346016672447714,-0.33904832990060796,1.180147662804211,0.7877649738760139,0.391563759808111,-0.6639861969061016,-1.6021881224442727,-1.3798753572867035,0.7073277635705619,-0.6550648371646896,-1.0528217963833,False,False,True,False,True,False
-1.282372115371241,1.146788862357061,0.7764590564276288,0.24016270802376988,0.9132512966670331,0.355717116791552,1.1911660138222049,0.04058456933196188,-0.01443526048103189,0.9876062360454615,-1.0528217963833,False,True,False,False,True,False
0.7546291951884491,-0.7793868754937925,0.4678729462792479,-0.8550418236807181,-0.060565438802954855,-0.4837029809564558,0.14365821272227586,1.461044495950627,-1.4579613085842196,-0.8664026360572236,0.949828359780586,False,True,False,False,True,False
0.4917903164065536,-1.2246118069962486,1.243956495747547,-0.3074395578284741,0.07855123769275771,-1.0636609589141803,-0.20551105431103384,-0.6696453939773708,-1.4579613085842196,-0.45333330185817977,0.949828359780586,False,True,False,False,True,False
-1.4137915547621889,-0.5215360498199345,-0.04084420811793839,-0.48997364644588876,-0.9648238360250865,0.09226855913429195,0.14365821272227586,0.7508145326412946,1.429090787622156,0.7570559099808789,0.949828359780586,True,False,False,False,True,False
-1.0852429562848196,-1.469682854138166,1.0662150683238485,0.6052308852585992,-1.069161343396871,1.3323256625134416,0.14365821272227586,-0.6696453939773708,0.7073277635705619,-0.6838836279227624,0.949828359780586,True,False,False,False,True,False
-0.4938554790255546,-0.35615068058305765,-0.9581149942765586,1.1528331511108432,-1.5908488802557932,1.3523265835356861,0.8419967467888952,1.461044495950627,0.7073277635705619,-1.0393153806056605,-1.0528217963833,False,True,False,False,False,True
-0.09959716085271132,-0.16313843716683896,0.027266147269990236,0.6052308852585992,0.21766791418847029,-0.5720919309035561,0.49282747975558555,-1.3798753572867035,0.7073277635705619,-1.2218343887401217,-1.0528217963833,False,True,False,False,False,True
-1.0852429562848196,0.21969110503261355,-0.848798923884412,-0.8550418236807181,-1.103940512520799,0.7610278771632869,0.8419967467888952,-1.3798753572867035,-1.4579613085842196,0.5745369018464177,0.949828359780586,False,True,False,False,True,False
1.4774361118386619,0.8381947983946154,0.9735765849524357,1.1528331511108432,-1.3473946963882961,-0.9598073793107054,0.14365821272227586,-1.3798753572867035,-0.7361982845326257,1.708076004997282,0.949828359780586,True,False,False,False,True,False
0.820338914883923,0.9466349779965224,0.02703514606466638,1.5179013283456726,0.11333040681668585,0.8814457934209229,-0.5546803213443435,0.7508145326412946,-0.01443526048103189,0.47847426598617493,-1.0528217963833,True,False,False,True,False,False
0.6889194754929753,1.2182052718002574,0.5513658819307914,0.42269679664118454,-0.5474738065379489,0.9402113861151461,1.1911660138222049,1.461044495950627,-0.7361982845326257,0.7090245920507575,0.949828359780586,True,False,False,False,True,False
-0.4938554790255546,1.0500008337695703,0.35587586189803916,-1.4026440895329622,0.11333040681668585,-1.4669097686650654,-0.9038495883776532,-1.3798753572867035,0.7073277635705619,1.1124876626637772,0.949828359780586,True,False,False,True,False,False
1.4774361118386619,-1.2819328724703931,-1.135768921243695,-0.3074395578284741,-0.582252975661877,0.6752507313359296,-1.253018855410963,-0.6696453939773708,0.7073277635705619,-0.8183713181271022,-1.0528217963833,False,False,True,False,True,False
-0.4281457593300807,-0.9272940182090449,1.6324760229745252,-1.4026440895329622,0.35678459068418283,1.2858630418569565,-0.20551105431103384,-0.6696453939773708,-0.7361982845326257,-1.4139596604606073,0.949828359780586,False,False,True,True,False,False
0.4917903164065536,0.3255001537602972,0.20332756592769657,-0.12490546921105944,-0.582252975661877,-0.5992409474114138,0.8419967467888952,-0.6696453939773708,-0.01443526048103189,1.708076004997282,-1.0528217963833,True,False,False,False,True,False
0.5575000361020275,0.163497667075993,0.7006206607161367,-1.2201100009155474,1.5740555100216678,1.410473591043654,1.1911660138222049,0.7508145326412946,-0.01443526048103189,1.6600446870671608,-1.0528217963833,True,False,False,False,True,False
0.294661157320132,-0.0900305864473559,-0.38589000850660954,0.9702990624934286,0.878472127543105,1.1503928860671162,0.49282747975558555,1.461044495950627,0.7073277635705619,0.3824116301259322,0.949828359780586,False,False,True,False,True,False
-0.033887441157237436,0.5314801136280439,-0.2402647486594594,-0.12490546921105944,1.6436138482695242,-0.8321039041927328,-0.5546803213443435,1.461044495950627,-1.4579613085842196,1.5351632604488452,0.949828359780586,False,True,False,False,False,True
-1.0852429562848196,0.45386175283846436,0.9770521030870819,0.6052308852585992,-1.6951863876275775,-1.2636014374492621,-0.20551105431103384,0.04058456933196188,-0.01443526048103189,-1.5484473506649472,0.949828359780586,False,False,True,False,False,True
0.294661157320132,0.3298227259108068,-0.2297926940181088,-1.5851781781503766,-0.582252975661877,1.0341676027385414,-1.6021881224442727,0.04058456933196188,-0.01443526048103189,0.05579866820110683,0.949828359780586,False,False,True,True,False,False
-0.8881137971983979,0.8351877916812177,-0.3631013895995797,-0.12490546921105944,-0.4431362991661644,-1.7714598753646005,-1.6021881224442727,0.7508145326412946,-0.01443526048103189,0.4880805295721992,-1.0528217963833,False,True,False,False,True,False
0.6232097557975014,0.6696144845247535,-0.697244633100615,-1.5851781781503766,-0.33879879179438,-0.9771277645258447,-0.9038495883776532,0.04058456933196188,-1.4579613085842196,-0.4245145111001069,-1.0528217963833,False,True,False,False,True,False
1.2803069527522402,0.8086885450194,0.8787575902034959,-1.0375759122981327,0.148109575940614,0.02862301663739076,1.1911660138222049,-0.6696453939773708,0.7073277635705619,1.429494361002578,0.949828359780586,False,True,False,True,False,False
0.031822278538236444,-0.30164868390272315,0.10057052975944408,0.9702990624934286,-0.5474738065379489,0.25825558411271177,0.14365821272227586,0.04058456933196188,-0.01443526048103189,-1.2122281251540976,-1.0528217963833,True,False,False,False,True,False
1.4774361118386619,-0.6483941455414025,-0.07089536491962142,-0.12490546921105944,0.6350179436756079,0.44768011448145895,0.14365821272227586,-0.6696453939773708,0.7073277635705619,-0.8375838452991508,-1.0528217963833,True,False,False,True,False,False
0.9517583542748708,1.5863756562718958,1.5590841400285098,1.700435416963087,1.3306013261541707,1.165307662224597,1.5403352808555146,-0.6696453939773708,1.429090787622156,0.7282371192228061,-1.0528217963833,True,False,False,False,True,False
-0.1653068805481852,0.061823252579231006,-1.6705262115137582,1.700435416963087,-0.825707159529374,0.845017999119241,-0.9038495883776532,1.461044495950627,-1.4579613085842196,-0.9624652719174663,-1.0528217963833,False,False,True,True,False,False
-0.033887441157237436,0.33978343564893637,-0.8468669138035212,1.700435416963087,-0.2692404535465237,-0.6556696627353403,0.14365821272227586,0.7508145326412946,-0.01443526048103189,-1.0297091170196362,0.949828359780586,True,False,False,False,True,False
-0.9538235168938718,0.686153021448441,-0.31178762185330944,-0.8550418236807181,1.0175888040388175,0.49599849069670887,0.8419967467888952,-0.6696453939773708,0.7073277635705619,1.3622505159004084,0.949828359780586,False,True,False,False,True,False
1.0174680739703446,1.4674109531730968,0.2323567173967344,-1.4026440895329622,0.5654596054277516,1.4523311886469077,-0.20551105431103384,-1.3798753572867035,-0.7361982845326257,1.496738206104748,-1.0528217963833,True,False,False,False,False,True
-0.1653068805481852,-0.5459679793662913,-1.3089183247070153,-0.48997364644588876,0.7045762819234642,-0.3021825946343001,-0.5546803213443435,-0.6696453939773708,-0.01443526048103189,-0.4725458290302283,-1.0528217963833,False,True,False,False,False,True
-0.6909846381119762,0.6908514694381251,-1.2366534476415187,0.6052308852585992,0.6350179436756079,-0.8749237454190497,-0.20551105431103384,-1.3798753572867035,-1.4579613085842196,-0.1267203399333544,0.949828359780586,True,False,False,False,True,False
-1.0852429562848196,1.2856749849321198,1.4605376258300244,-0.6725077350633034,-0.19968211529866742,-1.6156451401157073,1.1911660138222049,0.7508145326412946,-0.7361982845326257,-0.5397896741323982,0.949828359780586,False,True,False,False,False,True
-0.1653068805481852,-1.2777982382394713,-1.0395359191167117,1.1528331511108432,0.5654596054277516,1.5570095484987228,0.14365821272227586,0.04058456933196188,-0.7361982845326257,1.487131942518724,0.949828359780586,True,False,False,False,False,True
-0.09959716085271132,-0.923159383978123,-0.8767605697833925,1.700435416963087,0.6697971127995361,-1.7470601263512098,-1.6021881224442727,-1.3798753572867035,0.7073277635705619,-1.2794719702562674,-1.0528217963833,False,False,True,True,False,False
1.6745652709250833,-0.4254997729107935,-1.2756436510855846,1.1528331511108432,-1.5908488802557932,0.8947110090817242,1.5403352808555146,1.461044495950627,1.429090787622156,0.35359283936785935,-1.0528217963833,False,False,True,False,True,False
-0.5595651987210285,-0.5444644760095924,-0.8626239960212218,1.1528331511108432,-1.2778363581404397,-1.6963361410783013,1.1911660138222049,-0.6696453939773708,-0.01443526048103189,0.6994183284647333,-1.0528217963833,True,False,False,False,True,False
-1.0195332365893457,0.6878444627247274,-0.2923800205878386,-1.5851781781503766,-1.6604072185036494,-1.6913874595882616,1.1911660138222049,0.7508145326412946,1.429090787622156,0.06540493178713111,-1.0528217963833,True,False,False,False,False,True
1.346016672447714,0.12929296571109333,-0.3891450254907193,1.5179013283456726,-0.02578626967902671,-0.7318243723320644,-0.20551105431103384,0.7508145326412946,-0.01443526048103189,-0.7511274730249323,0.949828359780586,False,True,False,False,False,True
-0.033887441157237436,-0.7481891808422907,-0.3328857319395597,-0.8550418236807181,0.5654596054277516,0.6614356621762351,0.8419967467888952,-1.3798753572867035,0.7073277635705619,-0.6070335192345682,-1.0528217963833,True,False,False,False,True,False
1.6088555512296094,-1.3708275084352148,1.4438495387545036,0.42269679664118454,0.7045762819234642,-1.32793429681978,-1.6021881224442727,-0.6696453939773708,-0.7361982845326257,0.9107561273572673,-1.0528217963833,False,False,True,False,False,True
0.820338914883923,-0.7617207110525807,-1.1883216954548843,0.7877649738760139,1.5044971717738116,0.09543021675292877,1.1911660138222049,0.7508145326412946,-0.01443526048103189,-0.6550648371646896,-1.0528217963833,False,True,False,True,False,False
-1.6766304335440845,0.6226300046279135,1.1966012486561457,-1.2201100009155474,-0.19968211529866742,-1.1807110224910948,1.1911660138222049,0.04058456933196188,-0.01443526048103189,-1.5484473506649472,-1.0528217963833,False,False,True,False,False,True
-1.6109207138486106,0.9742618521758643,-1.1732961170540428,-1.4026440895329622,-1.3473946963882961,-0.5977975819768188,-0.5546803213443435,0.04058456933196188,-0.7361982845326257,1.6888634778252336,-1.0528217963833,False,True,False,True,False,False
-0.4938554790255546,-1.3315484832414566,0.9014342085261263,0.7877649738760139,-1.103940512520799,0.1966719922366602,0.49282747975558555,-1.3798753572867035,0.7073277635705619,1.708076004997282,0.949828359780586,True,False,False,False,False,True
0.09753199823371032,0.9066042011244148,0.8260718152983321,-0.12490546921105944,1.4349388335259552,-1.2807156276023166,0.8419967467888952,1.461044495950627,-0.7361982845326257,1.4583131517606511,-1.0528217963833,False,False,True,False,True,False
0.4917903164065536,-1.3913127416702369,-1.4935792882356433,-1.5851781781503766,1.6783930173934523,0.2703523610883647,1.1911660138222049,0.7508145326412946,-0.7361982845326257,0.10382998613122821,-1.0528217963833,False,True,False,True,False,False
-0.6909846381119762,-1.575679840785437,0.3021155813862928,-0.6725077350633034,1.5044971717738116,-0.02526262625415398,-0.20551105431103384,-1.3798753572867035,1.429090787622156,-0.0882952855892573,-1.0528217963833,True,False,False,False,False,True
-1.4795012744576628,-0.8701608906544873,1.5383745319693949,0.9702990624934286,1.6783930173934523,0.899109837072871,0.14365821272227586,0.7508145326412946,0.7073277635705619,-0.5013646197883012,-1.0528217963833,True,False,False,False,True,False
-1.4795012744576628,0.033632564641126995,1.047692971678786,0.057628619406355226,-1.6604072185036494,-0.3956576894461637,1.5403352808555146,0.04058456933196188,-1.4579613085842196,-0.4725458290302283,0.949828359780586,True,False,False,False,False,True
-0.8881137971983979,0.9518972397449685,-1.474920690878344,-0.3074395578284741,-0.5126946374140207,-0.31902185803790784,0.49282747975558555,-1.3798753572867035,-0.01443526048103189,-0.3092393480678156,-1.0528217963833,False,True,False,False,False,True
1.5431458315341358,0.3083978030778475,-1.3804726980652273,-1.5851781781503766,-0.23446128442259556,1.4788616199685103,-0.20551105431103384,-0.6696453939773708,-0.01443526048103189,1.2757941436261897,0.949828359780586,False,False,True,False,False,True
-1.4795012744576628,-1.060917879035658,-0.39817507260792667,-1.0375759122981327,-0.5126946374140207,-0.7555368044718386,-0.9038495883776532,-1.3798753572867035,1.429090787622156,-0.06908275841720875,0.949828359780586,True,False,False,False,False,True
0.6889194754929753,1.549915699871948,-1.690367815043777,-0.12490546921105944,-1.2778363581404397,-0.13653922809268887,1.1911660138222049,-1.3798753572867035,-0.01443526048103189,0.7858747007389517,0.949828359780586,False,True,False,False,True,False
-1.282372115371241,1.5961484280904388,0.2874190047021247,-1.2201100009155474,1.6088346791455959,1.4940513228754382,0.49282747975558555,0.04058456933196188,1.429090787622156,0.28634899426568944,-1.0528217963833,False,True,False,True,False,False
1.2803069527522402,-1.122561516660312,-0.7597094590311576,1.3353672397282579,1.5740555100216678,0.34355160812853713,-1.253018855410963,-0.6696453939773708,-0.7361982845326257,0.5361118475023205,0.949828359780586,True,False,False,False,False,True
-1.1509526759802935,-0.32269773089650755,1.1968077497336325,0.057628619406355226,-1.6604072185036494,1.2730102163203254,1.5403352808555146,-0.6696453939773708,-0.01443526048103189,1.0356375539755829,-1.0528217963833,True,False,False,False,True,False
-0.4281457593300807,-1.373646577229025,0.9050637274643216,-0.12490546921105944,1.0871471422866739,-1.321404786520422,-0.9038495883776532,1.461044495950627,-0.01443526048103189,-0.3284518752398642,0.949828359780586,True,False,False,True,False,False
-0.9538235168938718,-0.8524947262132755,-1.415290879740413,0.057628619406355226,-0.23446128442259556,0.8431622435604759,-0.5546803213443435,0.04058456933196188,1.429090787622156,-1.3947471332885588,-1.0528217963833,False,True,False,False,True,False
1.5431458315341358,-1.0714424025325502,-1.6581501469376165,0.42269679664118454,0.00899289944490143,1.0313496035567131,1.1911660138222049,1.461044495950627,-0.7361982845326257,-1.57726614142302,0.949828359780586,False,False,True,True,False,False
-0.4938554790255546,-1.6771663173626115,1.7240680008854556,1.700435416963087,0.3220054215602547,0.11165089497028129,-0.9038495883776532,0.7508145326412946,-1.4579613085842196,-0.7703400001969808,-1.0528217963833,True,False,False,False,True,False
-0.23101660024365908,1.410465763538127,-0.13783321418961794,-1.2201100009155474,0.4959012671798954,-1.054725839557164,1.5403352808555146,0.04058456933196188,1.429090787622156,-1.2698657066702432,0.949828359780586,False,True,False,False,True,False
-0.8881137971983979,0.200145561395528,-1.1492474915725188,1.5179013283456726,-1.2430571890165116,-0.16568146353403446,0.14365821272227586,0.04058456933196188,-0.01443526048103189,-0.07868902200323302,0.949828359780586,False,False,True,True,False,False
1.2145972330567663,1.464779822298874,0.9717390753646319,0.9702990624934286,1.5044971717738116,0.8493480954230259,0.14365821272227586,0.7508145326412946,-0.01443526048103189,-0.7030961550948109,0.949828359780586,False,True,False,True,False,False
1.2803069527522402,-0.3967452712139274,0.917691793355362,-0.6725077350633034,0.3220054215602547,-1.4334374369199347,-0.20551105431103384,-0.6696453939773708,1.429090787622156,-0.914433953987345,0.949828359780586,False,True,False,False,True,False
-1.6766304335440845,-1.6940807301254739,-0.6908465997167951,-1.0375759122981327,0.391563759808111,0.11797421020755451,-1.253018855410963,0.7508145326412946,-0.01443526048103189,-0.9528590083314421,0.949828359780586,False,False,True,False,False,True
1.2145972330567663,1.591262042181167,-0.8140402425196887,0.9702990624934286,0.9828096349148894,-1.1599540529078722,1.1911660138222049,0.7508145326412946,-0.01443526048103189,-0.3092393480678156,-1.0528217963833,True,False,False,False,False,True
-0.822404077502924,-1.1291393438458697,1.2730171473809475,0.057628619406355226,-1.3821738655122242,0.7361470063383644,0.14365821272227586,1.461044495950627,1.429090787622156,0.1902863584054467,0.949828359780586,False,False,True,True,False,False
-1.4137915547621889,0.4489753669291926,-0.11189457884635301,0.42269679664118454,0.9132512966670331,1.0031696117384308,-0.9038495883776532,0.04058456933196188,0.7073277635705619,-0.07868902200323302,0.949828359780586,False,True,False,False,True,False
-0.29672631993913295,-1.132522226398442,0.7228597767559567,0.42269679664118454,0.8436929584191768,0.9823439104678463,-0.9038495883776532,0.7508145326412946,-0.01443526048103189,1.6792572142392093,-1.0528217963833,True,False,False,False,False,True
-0.23101660024365908,0.7970363940049836,-1.6862587936036215,-1.5851781781503766,0.18288874506454214,-1.0189166304417365,1.1911660138222049,0.04058456933196188,0.7073277635705619,0.7762684371529275,0.949828359780586,False,False,True,True,False,False
-1.1509526759802935,0.7786184778854225,-1.1399199429030002,-1.4026440895329622,-1.5560697111318649,1.2671680228945836,-0.20551105431103384,-0.6696453939773708,-0.7361982845326257,-0.9720715355034906,-1.0528217963833,True,False,False,False,False,True
-1.6109207138486106,0.9844104998335815,-0.44778083144210507,-0.12490546921105944,1.400159664402027,-1.6398386940670133,0.49282747975558555,1.461044495950627,0.7073277635705619,1.631225896309088,-1.0528217963833,False,True,False,False,True,False
0.1632417179291842,-0.3234494825748571,1.6495386120041322,-0.48997364644588876,-1.3821738655122242,0.6828799486330744,1.5403352808555146,1.461044495950627,-1.4579613085842196,1.2950066707982384,0.949828359780586,False,False,True,False,True,False
0.6889194754929753,1.4957895790307885,-1.267516608680098,-0.48997364644588876,0.5306804363038236,-1.6074660693196692,-1.6021881224442727,0.04058456933196188,-1.4579613085842196,1.2757941436261897,-1.0528217963833,False,True,False,False,True,False
-1.0195332365893457,-0.5405177796982579,0.11584110943865954,0.9702990624934286,-0.6170321447858051,0.7474190030656772,0.8419967467888952,1.461044495950627,-0.01443526048103189,-0.49175835620227687,-1.0528217963833,True,False,False,False,False,True
0.294661157320132,1.3499497534309968,-0.6622374504392551,-0.12490546921105944,-1.6604072185036494,-1.5310364329734985,0.14365821272227586,1.461044495950627,-1.4579613085842196,1.6024071055510152,0.949828359780586,False,True,False,False,True,False
0.6889194754929753,-1.0374256390872378,1.3783781971364872,-1.2201100009155474,-0.825707159529374,-0.9343079232995278,-1.6021881224442727,1.461044495950627,1.429090787622156,0.20949888557749524,-1.0528217963833,True,False,False,False,True,False
0.1632417179291842,0.8562368386750021,1.5080188735788753,1.1528331511108432,-1.6256280493797213,1.4264880741989219,1.1911660138222049,0.7508145326412946,-1.4579613085842196,1.6408321598951123,0.949828359780586,True,False,False,False,True,False
0.4917903164065536,0.09978671233587792,1.0632085526363753,1.5179013283456726,-0.5474738065379489,-0.07083173497493746,-1.6021881224442727,-0.6696453939773708,-1.4579613085842196,1.4102818338305296,-1.0528217963833,True,False,False,True,False,False
-0.36243603963460685,1.3711867383443688,1.0081357652761975,-1.4026440895329622,0.11333040681668585,-1.3414744392300277,-0.5546803213443435,-0.6696453939773708,-0.7361982845326257,-1.5868724050090441,-1.0528217963833,False,False,True,False,True,False
0.5575000361020275,0.8910053537986636,1.6039298740257102,-0.6725077350633034,0.4959012671798954,0.37599296456324294,-0.20551105431103384,0.04058456933196188,-0.01443526048103189,-1.0008903262615634,-1.0528217963833,False,False,True,False,False,True
-0.4281457593300807,1.4576381813545543,0.3007645743369743,0.9702990624934286,0.28722625243632655,-1.3677986754895453,0.14365821272227586,-0.6696453939773708,0.7073277635705619,-0.25160176655167,0.949828359780586,False,True,False,False,True,False
1.1488875133612924,-1.4747571779670245,-1.3180113721529472,-0.6725077350633034,-0.37357796091830814,0.43345265519759446,1.1911660138222049,0.04058456933196188,-0.7361982845326257,-0.8567963724711993,0.949828359780586,False,True,False,False,True,False
0.820338914883923,-0.32570473760990526,-0.22670917792886103,-0.8550418236807181,-0.6518113139097332,-0.4518114780206434,1.5403352808555146,0.04058456933196188,0.7073277635705619,0.6609932741206361,-1.0528217963833,True,False,False,True,False,False
-0.5595651987210285,-0.351076356754199,-1.5466150649670554,-1.4026440895329622,1.400159664402027,0.08910690151565553,0.49282747975558555,-0.6696453939773708,0.7073277635705619,0.8435122822550974,0.949828359780586,False,False,True,True,False,False
-1.282372115371241,1.1488561794725216,0.8507049438296909,-0.3074395578284741,1.6783930173934523,1.1704625387767218,0.14365821272227586,-1.3798753572867035,-0.01443526048103189,0.5168993203302721,0.949828359780586,False,True,False,False,True,False
1.6088555512296094,-1.5223054716226267,-1.5536431016381225,-0.3074395578284741,1.2262638187823864,1.0363670167341146,0.14365821272227586,0.7508145326412946,1.429090787622156,-1.2698657066702432,-1.0528217963833,True,False,False,False,False,True
0.8860486345793969,0.12478245564099678,-0.2029090537439734,1.3353672397282579,0.4959012671798954,-1.3894491570084697,-0.5546803213443435,-0.6696453939773708,-0.01443526048103189,-1.3851408697025345,0.949828359780586,True,False,False,True,False,False
0.9517583542748708,1.601410689838885,-0.2771759412556102,1.1528331511108432,0.46112209805596727,-0.6261837688571861,0.14365821272227586,0.7508145326412946,1.429090787622156,-1.3947471332885588,-1.0528217963833,True,False,False,False,True,False
-0.822404077502924,-1.5437303944555858,1.1784501539469063,-0.6725077350633034,0.35678459068418283,-0.7284565196513427,0.14365821272227586,0.04058456933196188,-1.4579613085842196,-1.4139596604606073,0.949828359780586,True,False,False,False,False,True
0.820338914883923,-1.7008464952306188,-0.8638630024861409,0.6052308852585992,-0.7561488212815177,-0.8015183033167922,-1.253018855410963,0.7508145326412946,-1.4579613085842196,1.179731507765947,0.949828359780586,False,True,False,False,True,False
-0.4281457593300807,0.07253571399571067,0.8632035090450194,1.700435416963087,-1.312615527264368,-0.22932700603093584,0.49282747975558555,-0.6696453939773708,-0.7361982845326257,-1.2410469159121704,0.949828359780586,False,False,True,True,False,False
0.031822278538236444,-0.3234494825748571,-0.7205932549296421,1.3353672397282579,0.28722625243632655,-0.17619741170036912,-1.253018855410963,0.04058456933196188,-0.7361982845326257,0.9876062360454615,0.949828359780586,False,True,False,True,False,False
0.7546291951884491,-0.3330343164738123,0.4846730339391686,0.9702990624934286,1.5740555100216678,1.1349282564107417,-0.20551105431103384,1.461044495950627,-0.7361982845326257,-0.4725458290302283,-1.0528217963833,True,False,False,True,False,False
1.411726392143188,1.419298845758733,1.6016583621733584,-1.0375759122981327,1.6088346791455959,-1.5070490740842775,-0.5546803213443435,1.461044495950627,-0.7361982845326257,-0.2419955029656457,-1.0528217963833,True,False,False,False,True,False
1.0174680739703446,-1.3646255570888317,-1.586224771643581,0.057628619406355226,-0.8604863286533021,-1.347385364343131,0.14365821272227586,0.04058456933196188,-0.01443526048103189,0.5168993203302721,-1.0528217963833,False,True,False,False,False,True
-0.1653068805481852,-1.407099526915575,-0.08547644100112754,1.3353672397282579,-0.060565438802954855,-0.2843123559202674,0.8419967467888952,0.04058456933196188,1.429090787622156,-1.1449842800519276,-1.0528217963833,False,False,True,False,True,False
-1.4137915547621889,0.3818815296365052,1.416227394626984,1.5179013283456726,0.9132512966670331,-1.7838315790897001,0.8419967467888952,0.04058456933196188,1.429090787622156,-1.654116250111214,0.949828359780586,False,True,False,False,False,True
-0.6252749184165024,0.2523923030408141,-0.9114387507280788,-0.48997364644588876,-0.8604863286533021,1.448207287405208,-1.6021881224442727,-1.3798753572867035,0.7073277635705619,-0.9432527447454178,0.949828359780586,True,False,False,True,False,False
-1.4795012744576628,0.3982321286406056,-0.6486328794529819,-0.48997364644588876,-0.16490294617473927,-0.017014823770754327,0.8419967467888952,1.461044495950627,0.7073277635705619,-0.2419955029656457,0.949828359780586,False,True,False,True,False,False
0.6889194754929753,-1.6063137216781767,1.605203880673254,-1.0375759122981327,0.5306804363038236,0.8514787777312375,-0.9038495883776532,-0.6696453939773708,-0.01443526048103189,1.6504384234811365,-1.0528217963833,False,True,False,False,False,True
0.5575000361020275,0.5933116891722853,-0.5328207751656661,0.42269679664118454,-0.16490294617473927,-1.0040018542842557,-1.253018855410963,-0.6696453939773708,-0.01443526048103189,-0.030657704073111646,-1.0528217963833,False,True,False,False,False,True
-1.2166623956757672,1.6205803576367952,-1.2816146822413816,-1.4026440895329622,-0.582252975661877,1.223935791544097,-0.20551105431103384,1.461044495950627,0.7073277635705619,-1.4139596604606073,-1.0528217963833,False,True,False,True,False,False
0.820338914883923,1.25504110403938,0.4365127826473958,1.700435416963087,1.0175888040388175,-0.5808895868858492,-0.9038495883776532,1.461044495950627,0.7073277635705619,0.6994183284647333,-1.0528217963833,True,False,False,False,True,False
-1.282372115371241,-0.27684087851719175,-0.6638999591139347,0.057628619406355226,-1.6256280493797213,1.3809876971655,0.8419967467888952,-0.6696453939773708,-0.01443526048103189,-0.5878209920625196,-1.0528217963833,False,False,True,False,True,False
-1.348081835066715,1.383966516876309,-1.2021607676647441,0.057628619406355226,1.400159664402027,0.4262358280246196,0.49282747975558555,-0.6696453939773708,-1.4579613085842196,-1.64450998652519,-1.0528217963833,False,False,True,True,False,False
1.0174680739703446,0.2578425027088477,0.047814754489030754,0.057628619406355226,-0.9300446669011584,-1.1351419137703114,1.5403352808555146,0.04058456933196188,-0.01443526048103189,-0.8952214268152964,0.949828359780586,True,False,False,False,True,False
1.6745652709250833,-0.3852810581190984,0.6386808375249665,1.1528331511108432,0.9828096349148894,-0.9149255874635385,1.1911660138222049,0.7508145326412946,-1.4579613085842196,-0.2035704486215486,-1.0528217963833,True,False,False,False,True,False
-1.5452109941531367,0.7404670802091884,-1.2182153514347558,-1.2201100009155474,-0.13012377705081113,0.38678383947902417,0.14365821272227586,-0.6696453939773708,-0.01443526048103189,0.9395749181153401,-1.0528217963833,False,True,False,False,True,False
1.0174680739703446,-0.6495217730589267,0.8920821597287704,-0.6725077350633034,-0.6865904830336614,0.7467316861920609,1.1911660138222049,0.04058456933196188,-0.7361982845326257,-0.19396418503552432,-1.0528217963833,True,False,False,True,False,False
-1.282372115371241,-1.2268670620312967,-0.6732520079112907,-0.8550418236807181,-0.2692404535465237,0.5438357451004275,-0.5546803213443435,-0.6696453939773708,-1.4579613085842196,-0.6838836279227624,-1.0528217963833,False,False,True,False,True,False
1.2803069527522402,1.2014787969569827,1.276916167725354,-0.3074395578284741,-0.13012377705081113,-0.6521643466798953,-0.9038495883776532,0.04058456933196188,0.7073277635705619,0.8531185458411217,0.949828359780586,True,False,False,False,False,True
-1.1509526759802935,-0.38509312019951125,0.2484673014589461,-0.12490546921105944,0.8436929584191768,1.2576143183513124,-0.9038495883776532,1.461044495950627,-0.7361982845326257,1.631225896309088,0.949828359780586,False,False,True,False,False,True
0.294661157320132,-0.9203403151843125,1.1889432086978315,-0.6725077350633034,-0.37357796091830814,-0.48095371346198923,1.5403352808555146,0.7508145326412946,-1.4579613085842196,-0.5974272556485439,-1.0528217963833,False,True,False,False,False,True
-0.7566943578074501,0.7143437093865451,0.18448696762074804,-0.48997364644588876,1.6436138482695242,1.458654503884181,-0.5546803213443435,-1.3798753572867035,-0.7361982845326257,-0.8375838452991508,0.949828359780586,False,False,True,False,False,True
-0.5595651987210285,1.2661294412950346,1.4478080594093723,0.7877649738760139,-1.6256280493797213,-0.7569801699064336,1.1911660138222049,-1.3798753572867035,-0.7361982845326257,0.10382998613122821,0.949828359780586,True,False,False,False,True,False
1.6088555512296094,0.0753547827895209,-1.1344704144683138,0.42269679664118454,-0.02578626967902671,-1.501413075720621,0.14365821272227586,0.7508145326412946,-0.7361982845326257,-0.5013646197883012,0.949828359780586,False,True,False,False,True,False
1.0174680739703446,-1.5264401058535486,1.6421115732511427,-0.12490546921105944,1.5044971717738116,0.894573545707001,1.5403352808555146,1.461044495950627,0.7073277635705619,1.3238254615563112,0.949828359780586,True,False,False,False,True,False
-0.4281457593300807,-0.43057409673965213,0.8019566894698208,-1.0375759122981327,1.2958221570302426,-1.4394170937203996,-0.5546803213443435,1.461044495950627,-0.01443526048103189,0.40162415729798073,-1.0528217963833,False,False,True,True,False,False
-0.4281457593300807,-1.5747401511875003,1.3393249933636966,-0.12490546921105944,-0.5474738065379489,0.24835822113263212,0.49282747975558555,-0.6696453939773708,-1.4579613085842196,0.8723310730131703,-1.0528217963833,True,False,False,False,True,False
-0.29672631993913295,0.5534688502197649,0.9692155621973813,0.24016270802376988,0.3220054215602547,-0.5696175901585364,1.5403352808555146,-1.3798753572867035,-1.4579613085842196,-1.5484473506649472,-1.0528217963833,False,True,False,True,False,False
0.294661157320132,1.1823091291590717,-0.8634045000937556,-0.6725077350633034,0.18288874506454214,1.3205038122872357,0.49282747975558555,1.461044495950627,0.7073277635705619,0.44004921164207783,-1.0528217963833,False,False,True,False,False,True
0.22895143762465808,-1.2383312751261257,-0.2825799694528848,-1.0375759122981327,1.6436138482695242,-1.7668548523113687,-0.5546803213443435,1.461044495950627,-0.7361982845326257,-0.17475165786347577,-1.0528217963833,False,False,True,False,True,False
1.411726392143188,-1.052648610573814,0.6674439876060558,0.057628619406355226,-1.103940512520799,-1.3617502870017189,-0.5546803213443435,0.04058456933196188,-0.7361982845326257,-0.9240402175733693,-1.0528217963833,False,True,False,False,False,True
-0.36243603963460685,0.7776787882874855,0.2687009070343629,-1.4026440895329622,0.7045762819234642,-1.5898707573550832,-0.20551105431103384,-0.6696453939773708,1.429090787622156,0.12304251330327676,0.949828359780586,True,False,False,False,True,False
0.9517583542748708,-0.735785278149525,1.0717240970689974,-1.0375759122981327,-1.4169530346361523,1.3618802880789576,0.49282747975558555,-0.6696453939773708,1.429090787622156,1.5159507332767967,0.949828359780586,False,False,True,True,False,False
0.6889194754929753,0.3529390900200519,-0.20300705425532284,-1.0375759122981327,-1.312615527264368,0.7171770606265451,-1.253018855410963,0.04058456933196188,1.429090787622156,0.6225682197765391,0.949828359780586,False,False,True,False,True,False
-0.4938554790255546,-1.5769954062225489,-0.7640144814940123,0.6052308852585992,-1.6256280493797213,1.2674429496440305,-1.253018855410963,0.7508145326412946,-0.01443526048103189,0.25753020350761663,-1.0528217963833,True,False,False,False,True,False
-1.282372115371241,0.11463380798327923,-0.4690609424780045,0.6052308852585992,-0.23446128442259556,-1.280646895914955,0.14365821272227586,1.461044495950627,1.429090787622156,1.736894795755355,0.949828359780586,True,False,False,False,True,False
-0.6909846381119762,-0.6995132596691644,-0.9230763114508364,0.6052308852585992,0.2524470833123984,-0.51112692421376,1.1911660138222049,0.7508145326412946,-0.01443526048103189,-0.741521209438908,0.949828359780586,False,True,False,True,False,False
-0.9538235168938718,-1.6125156730245596,-1.0923721948071623,1.700435416963087,-0.7561488212815177,-1.3548771182655526,1.5403352808555146,-1.3798753572867035,0.7073277635705619,1.5928008419649908,-1.0528217963833,False,True,False,False,False,True
-1.4137915547621889,1.1071339613241278,0.48508603609414175,0.9702990624934286,0.04377206856882957,1.2085398935750842,-1.6021881224442727,-0.6696453939773708,-1.4579613085842196,0.026979877443034005,0.949828359780586,False,False,True,False,False,True
-0.6252749184165024,1.0840175972148827,0.2274216916466329,0.42269679664118454,-0.47791546829009257,1.2413936401339596,-1.253018855410963,-1.3798753572867035,1.429090787622156,0.968393708873413,0.949828359780586,False,True,False,False,False,True
0.820338914883923,1.3931754749360896,1.1726121234850837,0.057628619406355226,1.400159664402027,-1.235558909005703,1.1911660138222049,0.04058456933196188,0.7073277635705619,0.47847426598617493,0.949828359780586,True,False,False,True,False,False
1.2803069527522402,1.3127380453526996,0.14490176107205976,1.700435416963087,-1.5908488802557932,-0.07653646502595589,-1.6021881224442727,-1.3798753572867035,-1.4579613085842196,-0.7319149458528837,-1.0528217963833,False,True,False,False,True,False
-1.2166623956757672,-0.7664191590422647,1.5626366585649303,1.1528331511108432,-0.5474738065379489,0.1297273287463994,1.5403352808555146,-1.3798753572867035,-0.7361982845326257,1.4487068881746268,-1.0528217963833,True,False,False,False,True,False
-0.09959716085271132,-0.580360618650778,0.7090417046556721,0.9702990624934286,0.9480304657909613,1.2156879890606973,-1.6021881224442727,0.04058456933196188,1.429090787622156,1.5159507332767967,0.949828359780586,False,False,True,False,False,True
-1.282372115371241,0.2694946537232641,1.2208948754160436,1.700435416963087,-0.6518113139097332,-0.48384044433117923,1.1911660138222049,0.7508145326412946,-0.01443526048103189,-0.741521209438908,0.949828359780586,False,True,False,False,False,True
1.6745652709250833,1.524919956566829,-0.7152662271341423,0.7877649738760139,-0.825707159529374,1.2605010492205024,-0.5546803213443435,0.7508145326412946,0.7073277635705619,0.7762684371529275,0.949828359780586,True,False,False,False,False,True
-0.4938554790255546,0.23190706980579207,1.2629930950771944,-0.12490546921105944,0.7045762819234642,1.093689243993743,0.14365821272227586,0.7508145326412946,0.7073277635705619,-0.2996330844817914,0.949828359780586,False,True,False,False,False,True
1.0831777936658185,0.02837030289268089,0.19989404801220015,-1.5851781781503766,-0.8952654977772303,1.0641346184282272,-0.5546803213443435,0.04058456933196188,1.429090787622156,-1.5196285599068744,0.949828359780586,False,True,False,False,True,False
-0.822404077502924,1.6008468760801229,0.6145202114590431,0.24016270802376988,0.391563759808111,0.9734087911108302,0.49282747975558555,0.04058456933196188,-1.4579613085842196,-1.6156911957671172,0.949828359780586,False,True,False,True,False,False
0.8860486345793969,0.8678889896894185,-0.14909277294002732,-0.12490546921105944,-0.4083571300422363,-0.16753721909279945,0.8419967467888952,-0.6696453939773708,-0.01443526048103189,-0.0018389133150388203,0.949828359780586,False,True,False,False,True,False
-1.6766304335440845,-0.6510252764156256,1.5640051657055614,-1.0375759122981327,0.4959012671798954,0.7592408532918837,-0.5546803213443435,0.7508145326412946,-1.4579613085842196,-0.4821520926162526,0.949828359780586,False,False,True,False,True,False
0.7546291951884491,1.3204435000557813,0.23383372510350253,-0.3074395578284741,0.04377206856882957,-0.811140739547425,0.49282747975558555,-0.6696453939773708,1.429090787622156,0.9587874452873887,0.949828359780586,False,False,True,False,True,False
-1.282372115371241,-0.1875703667131957,-1.4667516482537077,-1.0375759122981327,-1.1734988507686555,-0.9334144113638262,-0.20551105431103384,-0.6696453939773708,-0.7361982845326257,0.7666621735669032,0.949828359780586,False,False,True,False,True,False
1.0174680739703446,-0.6435077596321314,-1.2766131561442926,0.42269679664118454,-0.7561488212815177,-1.6021049977054593,0.8419967467888952,-0.6696453939773708,0.7073277635705619,1.0452438175616072,0.949828359780586,True,False,False,True,False,False
-0.8881137971983979,0.9981299679634587,0.3751609625243229,0.42269679664118454,1.0523679731627458,0.9521019680287142,0.8419967467888952,1.461044495950627,-0.7361982845326257,-0.6262460464066167,-1.0528217963833,False,False,True,True,False,False
-0.36243603963460685,-0.9904411591903979,-1.143594962078608,1.5179013283456726,-0.7909279904054458,1.1161645057610072,1.5403352808555146,1.461044495950627,0.7073277635705619,-0.3380581388258885,-1.0528217963833,False,False,True,False,False,True
-0.4938554790255546,-0.30390393893777157,0.980839122847089,0.7877649738760139,1.2610429879063145,-0.6120250412606832,-0.20551105431103384,0.7508145326412946,-0.01443526048103189,0.06540493178713111,0.949828359780586,False,False,True,False,True,False
-1.282372115371241,-0.6232104643166962,1.2972897740312699,0.24016270802376988,1.5392763408977397,-0.36995203837290114,-1.253018855410963,-1.3798753572867035,1.429090787622156,0.5168993203302721,-1.0528217963833,True,False,False,True,False,False
1.0831777936658185,0.22852418725321946,1.3298469439088914,0.42269679664118454,-1.1387196816447271,0.23866705321463727,0.49282747975558555,1.461044495950627,-0.7361982845326257,1.352644252314384,-1.0528217963833,False,True,False,True,False,False
-1.282372115371241,1.6440725975852153,1.1392359493340412,-1.5851781781503766,0.35678459068418283,-0.7729259213743397,-0.9038495883776532,-0.6696453939773708,1.429090787622156,0.9011498637712431,-1.0528217963833,False,False,True,True,False,False
-1.2166623956757672,-1.057347058563498,-1.469555162881957,-0.6725077350633034,-1.2430571890165116,-1.1231826001693817,-1.6021881224442727,-1.3798753572867035,-0.7361982845326257,-0.3092393480678156,-1.0528217963833,False,True,False,True,False,False
1.411726392143188,1.1283709462374993,-0.6119141878612677,-0.48997364644588876,0.6002387745516798,1.3706779440612504,-0.20551105431103384,0.7508145326412946,-1.4579613085842196,1.4487068881746268,-1.0528217963833,False,True,False,False,False,True
-1.0195332365893457,-0.056389698841218326,-0.46440941820716397,-1.4026440895329622,-1.4169530346361523,-0.6582127351677217,-0.5546803213443435,0.04058456933196188,1.429090787622156,0.46886800240015064,0.949828359780586,False,False,True,True,False,False
0.22895143762465808,-0.5764139223394437,1.047983473194572,-0.48997364644588876,0.00899289944490143,-0.31063659217978473,0.49282747975558555,0.7508145326412946,-0.01443526048103189,0.5072930567442477,-1.0528217963833,True,False,False,True,False,False
-0.09959716085271132,1.0601494814272878,0.14421225747435076,1.1528331511108432,-1.6604072185036494,-0.2743462612528259,0.49282747975558555,-0.6696453939773708,1.429090787622156,0.7474496463948547,0.949828359780586,False,False,True,False,False,True
1.411726392143188,0.3542546554571633,0.7943931500045941,0.24016270802376988,1.6088346791455959,0.01845072690786469,-0.20551105431103384,0.04058456933196188,1.429090787622156,0.13264877688930105,-1.0528217963833,True,False,False,False,True,False
0.5575000361020275,-1.1734926928684866,-1.6872947990093166,-1.5851781781503766,0.9132512966670331,0.9192482214698383,-1.6021881224442727,1.461044495950627,0.7073277635705619,-1.7405726223854325,0.949828359780586,False,True,False,False,False,True
-0.8881137971983979,1.3360423473815324,0.6978626463252997,0.42269679664118454,-1.2082780198925835,0.26904645902849306,1.5403352808555146,1.461044495950627,-0.01443526048103189,-0.2804205573097428,0.949828359780586,True,False,False,False,False,True
-1.4795012744576628,0.8859310299698048,1.6066668883069721,0.42269679664118454,-1.4169530346361523,-1.7817008967814885,-0.5546803213443435,-0.6696453939773708,-1.4579613085842196,-0.5013646197883012,-1.0528217963833,True,False,False,True,False,False
-0.8881137971983979,1.0620288606231612,0.5779870208352406,-1.0375759122981327,-0.23446128442259556,0.5740776875395598,-0.5546803213443435,-1.3798753572867035,-0.01443526048103189,1.5255569968628209,0.949828359780586,False,False,True,True,False,False
0.5575000361020275,-1.6589363391626375,1.3503045506531077,-1.0375759122981327,1.400159664402027,1.431574219063685,0.49282747975558555,0.04058456933196188,-0.7361982845326257,-0.0882952855892573,0.949828359780586,False,True,False,False,False,True
-0.033887441157237436,0.26423239197481796,-0.5889925682602634,0.6052308852585992,-0.6518113139097332,0.9494214322216094,1.5403352808555146,0.7508145326412946,1.429090787622156,1.419888097416554,-1.0528217963833,False,False,True,False,False,True
-0.822404077502924,1.5683336159915091,-0.20660157301089352,1.700435416963087,1.6088346791455959,-0.6614431244737199,-0.20551105431103384,-0.6696453939773708,-0.01443526048103189,-0.3956957203420341,0.949828359780586,False,False,True,False,True,False
